10900,'Fête-2-01',1144,,1213,70,4,,0,200,,1214,70,4,,0,169,,1215,70,4,,0,135,,1216,70,4,,0,109,,1217,70,4,,0
10900,'Semaine-01',1144,,342,70,4,,0,200,,343,70,4,,0,169,,344,70,4,,0,135,,345,70,4,,0,109,,346,70,4,,0
38300,'Fête-2-01',1253,,1254,140,,,0,200,,1253,140,,,0,101,,1255,140,,,0,158,,1256,140,,,0,98,,1257,140,,,0,93,,1258,140,,,0,44,,1252,140,,,0
38300,'Semaine-01',1253,,424,140,,,0,200,,423,140,,,0,101,,425,140,,,0,158,,426,140,,,0,98,,427,140,,,0,93,,428,140,,,0,44,,422,140,,,0
48400,'Fête-2-01',1712,,1473,170,,,0,97,,1474,170,,,0
48400,'Semaine-01',1712,,845,170,,,0,102,,846,170,,,0
68000,'Fête-1-01',845,,1495,140,,,0,166,,1496,140,,,0,135,,1497,140,,,0,167,,1498,140,,,0,130,,1499,140,,,0,170,,1500,140,,,0,129,,1501,140,,,0,167,,1502,140,,,0
68000,'Week-end-01',845,,931,140,,,0,166,,932,140,,,0,135,,933,140,,,0,167,,934,140,,,0,130,,935,140,,,0,170,,936,140,,,0,129,,937,140,,,0,167,,938,140,,,0
68100,'Fête-2-01',535,,1516,20,,,0,198,,1515,120,,,0,100,,1521,120,,,0,106,,1522,120,,,0,110,,1511,190,,,0,93,,1517,120,,,0,105,,1518,190,,,0,95,,1519,120,,,0,106,,1520,190,,,0,154,,1513,190,,,0,107,,1526,120,,,0,93,,1523,120,,,0,55,,1512,190,,,0,84,,1527,170,,,0,103,,1528,190,,,0,102,,1514,170,,,0,101,,1524,190,,,0,101,,1525,190,,,0
68100,'Semaine-01',535,,978,20,,,0,198,,977,120,,,0,100,,983,120,,,0,106,,984,120,,,0,110,,973,190,,,0,93,,979,120,,,0,105,,980,190,,,0,95,,981,120,,,0,106,,982,190,,,0,154,,975,190,,,0,107,,988,120,,,0,93,,985,120,,,0,55,,974,190,,,0,84,,989,170,,,0,103,,990,190,,,0,102,,976,170,,,0,101,,986,190,,,0,101,,987,190,,,0
68501,'Fête-2-01',654,,1555,20,,,0,100,,1556,20,,,0,248,,1557,20,,,0,203,,1554,20,,,0
68501,'Semaine-01',654,,1042,20,,,0,100,,1043,20,,,0,248,,1044,20,,,0,203,,1041,20,,,0
