10400,'Fête-1-01',611,,1045,150,,,1,130,,1046,150,,,1,170,,1047,150,,,1,130,,1048,150,,,1,170,,1049,150,,,1,130,,1050,150,,,1,170,,1051,150,,,1,130,,1052,150,,,1,170,,1053,150,,,1,130,,1054,150,,,1,170,,1055,150,,,1,130,,1056,150,,,1,170,,1057,150,,,1,130,,1058,150,,,1
10400,'Fête-2-01',919,,1077,150,,,1,30,,1064,150,,,1,70,,1078,150,,,1,30,,1065,150,,,1,70,,1079,150,,,1,30,,1066,150,,,1,70,,1080,150,,,1,30,,1067,150,,,1,70,,1081,150,,,1,30,,1068,150,,,1,70,,1082,150,,,1,30,,1069,150,,,1,71,,1070,150,,,1,424,,1083,150,,,1,71,,1059,150,,,1,29,,1071,150,,,1,70,,1060,150,,,1,30,,1072,150,,,1,70,,1061,150,,,1,30,,1073,150,,,1,70,,1062,150,,,1,30,,1074,150,,,1,70,,1063,150,,,1,30,,1075,150,,,1,93,,1076,150,,,1
10400,'Semaine-01',919,,58,150,,,1,30,,45,150,,,1,70,,59,150,,,1,30,,46,150,,,1,70,,60,150,,,1,30,,47,150,,,1,70,,61,150,,,1,30,,48,150,,,1,70,,62,150,,,1,30,,49,150,,,1,70,,63,150,,,1,30,,50,150,,,1,71,,51,150,,,1,424,,64,150,,,1,71,,40,150,,,1,29,,52,150,,,1,70,,41,150,,,1,30,,53,150,,,1,70,,42,150,,,1,30,,54,150,,,1,70,,43,150,,,1,30,,55,150,,,1,70,,44,150,,,1,30,,56,150,,,1,93,,57,150,,,1
10400,'Week-end-01',611,,65,150,,,1,130,,66,150,,,1,170,,67,150,,,1,130,,68,150,,,1,170,,69,150,,,1,130,,70,150,,,1,170,,71,150,,,1,130,,72,150,,,1,170,,73,150,,,1,130,,74,150,,,1,170,,75,150,,,1,130,,76,150,,,1,170,,77,150,,,1,130,,78,150,,,1
38300,'Fête-2-01',1259,,1254,180,,,0,200,,1253,180,,,0,141,,1255,180,,,0,118,,1256,180,,,0,98,,1257,180,,,0,93,,1258,180,,,0,44,,1252,180,,,0
38300,'Semaine-01',1259,,424,180,,,0,200,,423,180,,,0,141,,425,180,,,0,118,,426,180,,,0,98,,427,180,,,0,93,,428,180,,,0,44,,422,180,,,0
48400,'Fête-2-01',1719,,1473,210,,,0,97,,1474,210,,,0
48400,'Semaine-01',1719,,845,210,,,0,102,,846,210,,,0
48800,'Semaine-01',1627,,907,160,,,0,11,,908,160,,,0,71,,909,160,,,0,18,,910,160,,,0,23,,911,160,,,0,58,,912,160,,,0,16,,913,160,,,0,22,,914,160,,,0
48801,'Semaine-01',550,,919,90,,,0,60,,920,90,,,0,20,,921,90,,,0,20,,922,90,,,0,61,,917,90,,,0,20,,918,90,,,0,20,,916,90,,,0,60,,915,90,,,0
