10400,'Fête-1-01',622,,1045,270,,,1,130,,1046,270,,,1,170,,1047,270,,,1,130,,1048,270,,,1,170,,1049,270,,,1,130,,1050,270,,,1,170,,1051,270,,,1,130,,1052,270,,,1,170,,1053,270,,,1,130,,1054,270,,,1,170,,1055,270,,,1,130,,1056,270,,,1,170,,1057,270,,,1,130,,1058,270,,,1
10400,'Fête-2-01',930,,1077,270,,,1,70,,1064,270,,,1,30,,1078,270,,,1,70,,1065,270,,,1,30,,1079,270,,,1,70,,1066,270,,,1,30,,1080,270,,,1,70,,1067,270,,,1,30,,1081,270,,,1,70,,1068,270,,,1,30,,1082,270,,,1,70,,1069,270,,,1,31,,1070,270,,,1,424,,1083,270,,,1,71,,1059,270,,,1,29,,1071,270,,,1,70,,1060,270,,,1,30,,1072,270,,,1,70,,1061,270,,,1,30,,1073,270,,,1,70,,1062,270,,,1,30,,1074,270,,,1,70,,1063,270,,,1,30,,1075,270,,,1,93,,1076,270,,,1
10400,'Semaine-01',930,,58,270,,,1,70,,45,270,,,1,30,,59,270,,,1,70,,46,270,,,1,30,,60,270,,,1,70,,47,270,,,1,30,,61,270,,,1,70,,48,270,,,1,30,,62,270,,,1,70,,49,270,,,1,30,,63,270,,,1,70,,50,270,,,1,31,,51,270,,,1,424,,64,270,,,1,71,,40,270,,,1,29,,52,270,,,1,70,,41,270,,,1,30,,53,270,,,1,70,,42,270,,,1,30,,54,270,,,1,70,,43,270,,,1,30,,55,270,,,1,70,,44,270,,,1,30,,56,270,,,1,93,,57,270,,,1
10400,'Week-end-01',622,,65,270,,,1,130,,66,270,,,1,170,,67,270,,,1,130,,68,270,,,1,170,,69,270,,,1,130,,70,270,,,1,170,,71,270,,,1,130,,72,270,,,1,170,,73,270,,,1,130,,74,270,,,1,170,,75,270,,,1,130,,76,270,,,1,170,,77,270,,,1,130,,78,270,,,1
10600,'Fête-2-01',510,,1137,200,,,0,20,,1133,200,,,0,20,,1134,200,,,0,60,,1135,200,,,0,20,,1130,200,,,0,20,,1132,200,,,0,60,,1131,200,,,0,20,,1128,200,,,0,20,,1129,200,,,0,60,,1126,200,,,0,20,,1127,200,,,0,20,,1136,200,,,0
10600,'Semaine-01',510,,186,200,,,0,20,,182,200,,,0,20,,183,200,,,0,60,,184,200,,,0,20,,179,200,,,0,20,,181,200,,,0,60,,180,200,,,0,20,,177,200,,,0,20,,178,200,,,0,60,,175,200,,,0,20,,176,200,,,0,20,,185,200,,,0
38501,'Fête-2-01',1507,,1282,130,,,0,32,,1283,130,,,0,71,,1284,130,,,0,30,,1285,130,,,0,70,,1286,130,,,0
38501,'Semaine-01',1507,,480,130,,,0,32,,481,130,,,0,71,,482,130,,,0,30,,483,130,,,0,70,,484,130,,,0
48201,'Fête-2-01',622,,1462,30,,,1,33,,1464,30,,,1,57,,1466,30,,,1,27,,1467,30,,,1,18,,1461,30,,,1,75,,1463,30,,,1,15,,1465,30,,,1,70,,1468,30,,,1
48201,'Semaine-01',624,,828,30,,,1,23,,830,30,,,1,57,,832,30,,,1,38,,833,30,,,1,15,,827,30,,,1,71,,829,30,,,1,19,,831,30,,,1,65,,834,30,,,1
68101,'Fête-2-01',555,,1542,60,,,0,86,,1540,60,,,0,83,,1543,60,,,0,100,,1544,60,,,0,80,,1532,60,,,0,805,,1547,60,,,0
68101,'Semaine-01',555,,1024,60,,,0,86,,1022,60,,,0,83,,1549,60,,,0,100,,1550,60,,,0,80,,1014,60,,,0,805,,1029,60,,,0
