10400,'Fête-1-01',608,,1045,120,,,1,130,,1046,120,,,1,170,,1047,120,,,1,130,,1048,120,,,1,170,,1049,120,,,1,130,,1050,120,,,1,170,,1051,120,,,1,130,,1052,120,,,1,170,,1053,120,,,1,130,,1054,120,,,1,170,,1055,120,,,1,130,,1056,120,,,1,170,,1057,120,,,1,130,,1058,120,,,1
10400,'Fête-2-01',916,,1077,120,,,1,30,,1064,120,,,1,70,,1078,120,,,1,30,,1065,120,,,1,70,,1079,120,,,1,30,,1066,120,,,1,70,,1080,120,,,1,30,,1067,120,,,1,70,,1081,120,,,1,30,,1068,120,,,1,70,,1082,120,,,1,30,,1069,120,,,1,71,,1070,120,,,1,424,,1083,120,,,1,71,,1059,120,,,1,29,,1071,120,,,1,70,,1060,120,,,1,30,,1072,120,,,1,70,,1061,120,,,1,30,,1073,120,,,1,70,,1062,120,,,1,30,,1074,120,,,1,70,,1063,120,,,1,30,,1075,120,,,1,93,,1076,120,,,1
10400,'Semaine-01',916,,58,120,,,1,30,,45,120,,,1,70,,59,120,,,1,30,,46,120,,,1,70,,60,120,,,1,30,,47,120,,,1,70,,61,120,,,1,30,,48,120,,,1,70,,62,120,,,1,30,,49,120,,,1,70,,63,120,,,1,30,,50,120,,,1,71,,51,120,,,1,424,,64,120,,,1,71,,40,120,,,1,29,,52,120,,,1,70,,41,120,,,1,30,,53,120,,,1,70,,42,120,,,1,30,,54,120,,,1,70,,43,120,,,1,30,,55,120,,,1,70,,44,120,,,1,30,,56,120,,,1,93,,57,120,,,1
10400,'Week-end-01',608,,65,120,,,1,130,,66,120,,,1,170,,67,120,,,1,130,,68,120,,,1,170,,69,120,,,1,130,,70,120,,,1,170,,71,120,,,1,130,,72,120,,,1,170,,73,120,,,1,130,,74,120,,,1,170,,75,120,,,1,130,,76,120,,,1,170,,77,120,,,1,130,,78,120,,,1
38300,'Fête-2-01',1255,,1254,150,,,0,200,,1253,150,,,0,101,,1255,150,,,0,158,,1256,150,,,0,98,,1257,150,,,0,93,,1258,150,,,0,44,,1252,150,,,0
38300,'Semaine-01',1255,,424,150,,,0,200,,423,150,,,0,101,,425,150,,,0,158,,426,150,,,0,98,,427,150,,,0,93,,428,150,,,0,44,,422,150,,,0
48400,'Fête-2-01',1714,,1473,180,,,0,97,,1474,180,,,0
48400,'Semaine-01',1714,,845,180,,,0,102,,846,180,,,0
48800,'Semaine-01',1624,,907,130,,,0,11,,908,130,,,0,71,,909,130,,,0,18,,910,130,,,0,24,,911,130,,,0,58,,912,130,,,0,16,,913,130,,,0,22,,914,130,,,0
48801,'Semaine-01',547,,919,60,,,0,60,,920,60,,,0,20,,921,60,,,0,20,,922,60,,,0,61,,917,60,,,0,20,,918,60,,,0,20,,916,60,,,0,60,,915,60,,,0
