10601,'Fête-2-01',1546,,1149,230,,,0,60,,1144,230,,,0,20,,1145,230,,,0,20,,1146,230,,,0,60,,1147,230,,,0,20,,1140,230,,,0,20,,1138,230,,,0,60,,1139,230,,,0,20,,1142,230,,,0,20,,1141,230,,,0,60,,1143,230,,,0,22,,1148,230,,,0
10601,'Semaine-01',1546,,210,230,,,0,60,,205,230,,,0,20,,206,230,,,0,20,,207,230,,,0,60,,208,230,,,0,20,,201,230,,,0,20,,199,230,,,0,60,,200,230,,,0,20,,203,230,,,0,20,,202,230,,,0,60,,204,230,,,0,22,,209,230,,,0
10700,'Fête-2-01',501,,1161,170,,,0,27,,1157,170,,,0,20,,1158,170,,,0,60,,1159,170,,,0,20,,1160,170,,,0,20,,1156,170,,,0,60,,1150,170,,,0,20,,1151,170,,,0,20,,1153,170,,,0,60,,1155,170,,,0,20,,1154,170,,,0,24,,1152,170,,,0
10700,'Semaine-01',501,,234,170,,,0,27,,230,170,,,0,20,,231,170,,,0,60,,232,170,,,0,20,,233,170,,,0,20,,229,170,,,0,60,,223,170,,,0,20,,224,170,,,0,20,,226,170,,,0,60,,228,170,,,0,20,,227,170,,,0,24,,225,170,,,0
10900,'Fête-2-01',1147,,1213,140,4,,0,200,,1214,140,4,,0,169,,1215,140,4,,0,135,,1216,140,4,,0,149,,1217,140,4,,0
10900,'Semaine-01',1147,,342,140,4,,0,200,,343,140,4,,0,169,,344,140,4,,0,135,,345,140,4,,0,149,,346,140,4,,0
38301,'Fête-2-01',609,,1261,190,,,0,100,,1262,190,,,0,32,,1260,190,,,0,71,,1259,190,,,0,28,,1263,190,,,0,80,,1264,190,,,0,99,,1265,190,,,0
38301,'Semaine-01',609,,438,190,,,0,100,,439,190,,,0,32,,437,190,,,0,71,,436,190,,,0,28,,440,190,,,0,80,,441,190,,,0,99,,442,190,,,0
48801,'Semaine-01',558,,919,170,,,0,60,,920,170,,,0,20,,921,170,,,0,20,,922,170,,,0,60,,917,170,,,0,20,,918,170,,,0,20,,916,170,,,0,60,,915,170,,,0
68000,'Fête-1-01',852,,1495,210,,,0,166,,1496,210,,,0,135,,1497,210,,,0,168,,1498,210,,,0,130,,1499,210,,,0,170,,1500,210,,,0,128,,1501,210,,,0,167,,1502,210,,,0
68000,'Week-end-01',852,,931,210,,,0,166,,932,210,,,0,135,,933,210,,,0,168,,934,210,,,0,130,,935,210,,,0,170,,936,210,,,0,128,,937,210,,,0,167,,938,210,,,0
68100,'Fête-2-01',540,,1516,90,,,0,198,,1515,190,,,0,102,,1521,190,,,0,105,,1522,190,,,0,111,,1511,260,,,0,93,,1517,190,,,0,105,,1518,260,,,0,95,,1519,190,,,0,106,,1520,260,,,0,155,,1513,260,,,0,108,,1526,190,,,0,92,,1523,190,,,0,94,,1512,260,,,0,44,,1527,240,,,0,103,,1528,260,,,0,101,,1514,240,,,0,101,,1524,260,,,0,101,,1525,260,,,0
68100,'Semaine-01',540,,978,90,,,0,198,,977,190,,,0,102,,983,190,,,0,105,,984,190,,,0,111,,973,260,,,0,93,,979,190,,,0,105,,980,260,,,0,95,,981,190,,,0,106,,982,260,,,0,155,,975,260,,,0,108,,988,190,,,0,92,,985,190,,,0,94,,974,260,,,0,44,,989,240,,,0,103,,990,260,,,0,101,,976,240,,,0,101,,986,260,,,0,101,,987,260,,,0
68501,'Fête-2-01',700,,1555,90,,,0,100,,1556,90,,,0,208,,1557,90,,,0,203,,1554,90,,,0
68501,'Semaine-01',700,,1042,90,,,0,100,,1043,90,,,0,208,,1044,90,,,0,203,,1041,90,,,0
