10900,'Fête-2-01',1141,,1213,50,4,,0,200,,1214,50,4,,0,169,,1215,50,4,,0,135,,1216,50,4,,0,109,,1217,50,4,,0
10900,'Semaine-01',1141,,342,50,4,,0,200,,343,50,4,,0,169,,344,50,4,,0,135,,345,50,4,,0,109,,346,50,4,,0
38000,'Fête-2-01',601,,1224,120,,,0,100,,1225,120,,,0,131,,1226,120,,,0,80,,1222,120,,,0,200,,1223,120,,,0
38000,'Semaine-01',601,,362,120,,,0,100,,363,120,,,0,131,,364,120,,,0,80,,360,120,,,0,200,,361,120,,,0
48400,'Fête-2-01',1705,,1473,150,,,0,99,,1474,150,,,0
48400,'Semaine-01',1705,,845,150,,,0,104,,846,150,,,0
68000,'Fête-1-01',843,,1495,120,,,0,165,,1496,120,,,0,136,,1497,120,,,0,166,,1498,120,,,0,130,,1499,120,,,0,170,,1500,120,,,0,129,,1501,120,,,0,168,,1502,120,,,0
68000,'Week-end-01',843,,931,120,,,0,165,,932,120,,,0,136,,933,120,,,0,166,,934,120,,,0,130,,935,120,,,0,170,,936,120,,,0,129,,937,120,,,0,168,,938,120,,,0
68100,'Fête-2-01',731,,1515,100,,,0,100,,1521,100,,,0,106,,1522,100,,,0,109,,1511,170,,,0,94,,1517,100,,,0,104,,1518,170,,,0,96,,1519,100,,,0,104,,1520,170,,,0,114,,1513,170,,,0,147,,1526,100,,,0,54,,1523,100,,,0,96,,1512,170,,,0,84,,1527,150,,,0,103,,1528,170,,,0,102,,1514,150,,,0,101,,1524,170,,,0,101,,1525,170,,,0
68100,'Semaine-01',731,,977,100,,,0,100,,983,100,,,0,106,,984,100,,,0,109,,973,170,,,0,94,,979,100,,,0,104,,980,170,,,0,96,,981,100,,,0,104,,982,170,,,0,114,,975,170,,,0,147,,988,100,,,0,54,,985,100,,,0,96,,974,170,,,0,84,,989,150,,,0,103,,990,170,,,0,102,,976,150,,,0,101,,986,170,,,0,101,,987,170,,,0
