10500,'Fête-1-01',707,,1084,520,0,5,0,130,,1085,820,,,0,170,,1086,820,,,0,130,,1087,820,,,0,170,,1088,820,,,0,130,,1089,820,,,0,170,,1090,820,,,0,130,,1091,820,,,0,170,,1092,820,,,0,130,,1093,820,,,0,170,,1094,820,,,0,130,,1095,820,,,0,170,,1096,820,,,0
10500,'Fête-2-01',533,,1122,520,0,5,0,75,,1123,520,0,5,0,30,,1124,520,0,5,0,13,,1111,820,,,0,70,,1112,820,,,0,30,,1113,820,,,0,59,,1114,820,,,0,40,,1115,820,,,0,152,,1099,820,,,0,98,,1100,820,,,0,108,,1101,820,,,0,94,,1102,820,,,0,106,,1103,820,,,0,94,,1104,820,,,0,115,,1105,820,,,0,115,,1125,820,,,0,18,,1120,820,,,0,60,,1121,820,,,0,43,,1116,820,,,0,54,,1117,820,,,0,17,,1118,820,,,0,92,,1119,820,,,0,86,,1106,820,,,0,103,,1107,820,,,0,101,,1108,820,,,0,99,,1109,820,,,0
10500,'Semaine-01',533,,145,520,0,5,0,75,,146,520,0,5,0,30,,147,520,0,5,0,13,,134,820,,,0,70,,135,820,,,0,30,,136,820,,,0,59,,137,820,,,0,40,,138,820,,,0,152,,122,820,,,0,98,,123,820,,,0,108,,124,820,,,0,94,,125,820,,,0,106,,126,820,,,0,94,,127,820,,,0,115,,128,820,,,0,115,,148,820,,,0,18,,143,820,,,0,60,,144,820,,,0,43,,139,820,,,0,54,,140,820,,,0,17,,141,820,,,0,92,,142,820,,,0,86,,129,820,,,0,103,,130,820,,,0,101,,131,820,,,0,99,,132,820,,,0
10500,'Week-end-01',707,,149,520,0,5,0,130,,150,820,,,0,170,,151,820,,,0,130,,152,820,,,0,170,,153,820,,,0,130,,154,820,,,0,170,,155,820,,,0,130,,156,820,,,0,170,,157,820,,,0,130,,158,820,,,0,170,,159,820,,,0,130,,160,820,,,0,170,,161,820,,,0
10801,'Fête-2-01',547,,1208,160,4,,0,75,,1209,160,4,,0,32,,1210,160,4,,0,58,,1211,160,4,,0,40,,1207,160,4,,0,65,,1212,160,4,,0
10801,'Semaine-01',547,,332,160,4,,0,75,,333,160,4,,0,32,,334,160,4,,0,58,,335,160,4,,0,40,,331,160,4,,0,65,,336,160,4,,0
38501,'Fête-2-01',1510,,1282,160,,,0,32,,1283,160,,,0,71,,1284,160,,,0,30,,1285,160,,,0,70,,1286,160,,,0
38501,'Semaine-01',1510,,480,160,,,0,32,,481,160,,,0,71,,482,160,,,0,30,,483,160,,,0,70,,484,160,,,0
48201,'Fête-2-01',624,,1462,60,,,1,33,,1464,60,,,1,57,,1466,60,,,1,27,,1467,60,,,1,18,,1461,60,,,1,75,,1463,60,,,1,15,,1465,60,,,1,70,,1468,60,,,1
48201,'Semaine-01',626,,828,60,,,1,23,,830,60,,,1,57,,832,60,,,1,38,,833,60,,,1,15,,827,60,,,1,71,,829,60,,,1,19,,831,60,,,1,65,,834,60,,,1
68101,'Fête-2-01',556,,1542,90,,,0,87,,1540,90,,,0,83,,1543,90,,,0,100,,1544,90,,,0,80,,1532,90,,,0,805,,1547,90,,,0
68101,'Semaine-01',556,,1024,90,,,0,87,,1022,90,,,0,83,,1549,90,,,0,100,,1550,90,,,0,80,,1014,90,,,0,805,,1029,90,,,0
