10900,'Fête-2-01',1145,,1213,80,4,,0,200,,1214,80,4,,0,169,,1215,80,4,,0,135,,1216,80,4,,0,109,,1217,80,4,,0
10900,'Semaine-01',1145,,342,80,4,,0,200,,343,80,4,,0,169,,344,80,4,,0,135,,345,80,4,,0,109,,346,80,4,,0
38301,'Fête-2-01',607,,1261,130,,,0,100,,1262,130,,,0,32,,1260,130,,,0,71,,1259,130,,,0,28,,1263,130,,,0,80,,1264,130,,,0,99,,1265,130,,,0
38301,'Semaine-01',607,,438,130,,,0,100,,439,130,,,0,32,,437,130,,,0,71,,436,130,,,0,28,,440,130,,,0,80,,441,130,,,0,99,,442,130,,,0
68000,'Fête-1-01',847,,1495,150,,,0,166,,1496,150,,,0,135,,1497,150,,,0,167,,1498,150,,,0,130,,1499,150,,,0,170,,1500,150,,,0,129,,1501,150,,,0,167,,1502,150,,,0
68000,'Week-end-01',847,,931,150,,,0,166,,932,150,,,0,135,,933,150,,,0,167,,934,150,,,0,130,,935,150,,,0,170,,936,150,,,0,129,,937,150,,,0,167,,938,150,,,0
68100,'Fête-2-01',537,,1516,30,,,0,198,,1515,130,,,0,100,,1521,130,,,0,106,,1522,130,,,0,110,,1511,200,,,0,93,,1517,130,,,0,105,,1518,200,,,0,95,,1519,130,,,0,106,,1520,200,,,0,154,,1513,200,,,0,107,,1526,130,,,0,93,,1523,130,,,0,55,,1512,200,,,0,84,,1527,180,,,0,103,,1528,200,,,0,102,,1514,180,,,0,101,,1524,200,,,0,101,,1525,200,,,0
68100,'Semaine-01',537,,978,30,,,0,198,,977,130,,,0,100,,983,130,,,0,106,,984,130,,,0,110,,973,200,,,0,93,,979,130,,,0,105,,980,200,,,0,95,,981,130,,,0,106,,982,200,,,0,154,,975,200,,,0,107,,988,130,,,0,93,,985,130,,,0,55,,974,200,,,0,84,,989,180,,,0,103,,990,200,,,0,102,,976,180,,,0,101,,986,200,,,0,101,,987,200,,,0
68501,'Fête-2-01',656,,1555,30,,,0,100,,1556,30,,,0,248,,1557,30,,,0,203,,1554,30,,,0
68501,'Semaine-01',656,,1042,30,,,0,100,,1043,30,,,0,248,,1044,30,,,0,203,,1041,30,,,0
