10400,'Fête-1-01',609,,1045,130,,,1,130,,1046,130,,,1,170,,1047,130,,,1,130,,1048,130,,,1,170,,1049,130,,,1,130,,1050,130,,,1,170,,1051,130,,,1,130,,1052,130,,,1,170,,1053,130,,,1,130,,1054,130,,,1,170,,1055,130,,,1,130,,1056,130,,,1,170,,1057,130,,,1,130,,1058,130,,,1
10400,'Fête-2-01',917,,1077,130,,,1,30,,1064,130,,,1,70,,1078,130,,,1,30,,1065,130,,,1,70,,1079,130,,,1,30,,1066,130,,,1,70,,1080,130,,,1,30,,1067,130,,,1,70,,1081,130,,,1,30,,1068,130,,,1,70,,1082,130,,,1,30,,1069,130,,,1,71,,1070,130,,,1,424,,1083,130,,,1,71,,1059,130,,,1,29,,1071,130,,,1,70,,1060,130,,,1,30,,1072,130,,,1,70,,1061,130,,,1,30,,1073,130,,,1,70,,1062,130,,,1,30,,1074,130,,,1,70,,1063,130,,,1,30,,1075,130,,,1,93,,1076,130,,,1
10400,'Semaine-01',917,,58,130,,,1,30,,45,130,,,1,70,,59,130,,,1,30,,46,130,,,1,70,,60,130,,,1,30,,47,130,,,1,70,,61,130,,,1,30,,48,130,,,1,70,,62,130,,,1,30,,49,130,,,1,70,,63,130,,,1,30,,50,130,,,1,71,,51,130,,,1,424,,64,130,,,1,71,,40,130,,,1,29,,52,130,,,1,70,,41,130,,,1,30,,53,130,,,1,70,,42,130,,,1,30,,54,130,,,1,70,,43,130,,,1,30,,55,130,,,1,70,,44,130,,,1,30,,56,130,,,1,93,,57,130,,,1
10400,'Week-end-01',609,,65,130,,,1,130,,66,130,,,1,170,,67,130,,,1,130,,68,130,,,1,170,,69,130,,,1,130,,70,130,,,1,170,,71,130,,,1,130,,72,130,,,1,170,,73,130,,,1,130,,74,130,,,1,170,,75,130,,,1,130,,76,130,,,1,170,,77,130,,,1,130,,78,130,,,1
38300,'Fête-2-01',1257,,1254,160,,,0,200,,1253,160,,,0,101,,1255,160,,,0,158,,1256,160,,,0,98,,1257,160,,,0,93,,1258,160,,,0,44,,1252,160,,,0
38300,'Semaine-01',1257,,424,160,,,0,200,,423,160,,,0,101,,425,160,,,0,158,,426,160,,,0,98,,427,160,,,0,93,,428,160,,,0,44,,422,160,,,0
48400,'Fête-2-01',1716,,1473,190,,,0,97,,1474,190,,,0
48400,'Semaine-01',1716,,845,190,,,0,102,,846,190,,,0
48800,'Semaine-01',1625,,907,140,,,0,11,,908,140,,,0,71,,909,140,,,0,18,,910,140,,,0,24,,911,140,,,0,58,,912,140,,,0,16,,913,140,,,0,22,,914,140,,,0
48801,'Semaine-01',548,,919,70,,,0,60,,920,70,,,0,20,,921,70,,,0,20,,922,70,,,0,61,,917,70,,,0,20,,918,70,,,0,20,,916,70,,,0,60,,915,70,,,0
