10601,'Fête-2-01',1545,,1149,220,,,0,60,,1144,220,,,0,20,,1145,220,,,0,20,,1146,220,,,0,60,,1147,220,,,0,20,,1140,220,,,0,20,,1138,220,,,0,60,,1139,220,,,0,20,,1142,220,,,0,20,,1141,220,,,0,60,,1143,220,,,0,22,,1148,220,,,0
10601,'Semaine-01',1545,,210,220,,,0,60,,205,220,,,0,20,,206,220,,,0,20,,207,220,,,0,60,,208,220,,,0,20,,201,220,,,0,20,,199,220,,,0,60,,200,220,,,0,20,,203,220,,,0,20,,202,220,,,0,60,,204,220,,,0,22,,209,220,,,0
10700,'Fête-2-01',500,,1161,160,,,0,27,,1157,160,,,0,20,,1158,160,,,0,60,,1159,160,,,0,20,,1160,160,,,0,20,,1156,160,,,0,60,,1150,160,,,0,20,,1151,160,,,0,20,,1153,160,,,0,60,,1155,160,,,0,20,,1154,160,,,0,24,,1152,160,,,0
10700,'Semaine-01',500,,234,160,,,0,27,,230,160,,,0,20,,231,160,,,0,60,,232,160,,,0,20,,233,160,,,0,20,,229,160,,,0,60,,223,160,,,0,20,,224,160,,,0,20,,226,160,,,0,60,,228,160,,,0,20,,227,160,,,0,24,,225,160,,,0
10900,'Fête-2-01',1147,,1213,130,4,,0,200,,1214,130,4,,0,169,,1215,130,4,,0,135,,1216,130,4,,0,149,,1217,130,4,,0
10900,'Semaine-01',1147,,342,130,4,,0,200,,343,130,4,,0,169,,344,130,4,,0,135,,345,130,4,,0,149,,346,130,4,,0
38301,'Fête-2-01',609,,1261,180,,,0,100,,1262,180,,,0,32,,1260,180,,,0,71,,1259,180,,,0,28,,1263,180,,,0,80,,1264,180,,,0,99,,1265,180,,,0
38301,'Semaine-01',609,,438,180,,,0,100,,439,180,,,0,32,,437,180,,,0,71,,436,180,,,0,28,,440,180,,,0,80,,441,180,,,0,99,,442,180,,,0
48801,'Semaine-01',557,,919,160,,,0,60,,920,160,,,0,20,,921,160,,,0,20,,922,160,,,0,60,,917,160,,,0,20,,918,160,,,0,20,,916,160,,,0,60,,915,160,,,0
68000,'Fête-1-01',850,,1495,200,,,0,166,,1496,200,,,0,136,,1497,200,,,0,167,,1498,200,,,0,130,,1499,200,,,0,170,,1500,200,,,0,128,,1501,200,,,0,167,,1502,200,,,0
68000,'Week-end-01',850,,931,200,,,0,166,,932,200,,,0,136,,933,200,,,0,167,,934,200,,,0,130,,935,200,,,0,170,,936,200,,,0,128,,937,200,,,0,167,,938,200,,,0
68100,'Fête-2-01',539,,1516,80,,,0,198,,1515,180,,,0,102,,1521,180,,,0,105,,1522,180,,,0,111,,1511,250,,,0,93,,1517,180,,,0,105,,1518,250,,,0,95,,1519,180,,,0,106,,1520,250,,,0,155,,1513,250,,,0,108,,1526,180,,,0,91,,1523,180,,,0,95,,1512,250,,,0,44,,1527,230,,,0,103,,1528,250,,,0,101,,1514,230,,,0,101,,1524,250,,,0,101,,1525,250,,,0
68100,'Semaine-01',539,,978,80,,,0,198,,977,180,,,0,102,,983,180,,,0,105,,984,180,,,0,111,,973,250,,,0,93,,979,180,,,0,105,,980,250,,,0,95,,981,180,,,0,106,,982,250,,,0,155,,975,250,,,0,108,,988,180,,,0,91,,985,180,,,0,95,,974,250,,,0,44,,989,230,,,0,103,,990,250,,,0,101,,976,230,,,0,101,,986,250,,,0,101,,987,250,,,0
68501,'Fête-2-01',700,,1555,80,,,0,100,,1556,80,,,0,208,,1557,80,,,0,203,,1554,80,,,0
68501,'Semaine-01',700,,1042,80,,,0,100,,1043,80,,,0,208,,1044,80,,,0,203,,1041,80,,,0
