48100,'Fête-1-01',640,,1293,30,4,,1,85,,1294,30,4,,1,85,,1295,30,4,,1,45,,1296,30,4,,1,85,,1297,30,4,,1,85,,1298,30,4,,1,85,,1299,30,4,,1,45,,1300,30,4,,1,85,,1301,30,4,,1,85,,1302,30,4,,1,85,,1304,30,4,,1,45,,1303,30,4,,1,85,,1305,30,4,,1,85,,1306,30,4,,1,85,,1307,30,4,,1,45,,1308,30,4,,1,85,,1309,30,4,,1,85,,1310,30,4,,1,85,,1311,30,4,,1,45,,1312,30,4,,1,85,,1313,30,4,,1,85,,1314,30,4,,1,85,,1315,30,4,,1,45,,1316,30,4,,1,85,,1317,30,4,,1,85,,1318,30,4,,1
48100,'Fête-2-01',542,,1319,30,4,,1,15,,1323,30,4,,1,54,,1326,30,4,,1,20,,1320,30,4,,1,20,,1327,30,4,,1,60,,1321,30,4,,1,20,,1328,30,4,,1,71,,1324,30,4,,1,9,,1329,30,4,,1,20,,1322,30,4,,1,19,,1325,30,4,,1,74,,1343,30,4,,1,30,,1333,30,4,,1,70,,1344,30,4,,1,30,,1334,30,4,,1,70,,1345,30,4,,1,30,,1335,30,4,,1,70,,1346,30,4,,1,30,,1336,30,4,,1,70,,1347,30,4,,1,30,,1337,30,4,,1,70,,1348,30,4,,1,30,,1332,30,4,,1,70,,1349,30,4,,1,22,,1358,30,4,,1,60,,1359,30,4,,1,20,,1357,30,4,,1,30,,1364,30,4,,1,70,,1361,30,4,,1,30,,1360,30,4,,1,61,,1362,30,4,,1,29,,1363,30,4,,1,64,,1356,30,4,,1,20,,1342,30,4,,1,24,,1350,30,4,,1,70,,1338,30,4,,1,30,,1351,30,4,,1,70,,1339,30,4,,1,30,,1352,30,4,,1,70,,1340,30,4,,1,30,,1353,30,4,,1,70,,1341,30,4,,1,30,,1354,30,4,,1,70,,1331,30,4,,1,30,,1355,30,4,,1,70,,1330,30,4,,1
48100,'Semaine-01',542,,569,30,4,,1,15,,574,30,4,,1,55,,579,30,4,,1,19,,1365,30,4,,1,11,,575,30,4,,1,9,,580,30,4,,1,60,,571,30,4,,1,11,,576,30,4,,1,12,,581,30,4,,1,16,,572,30,4,,1,52,,1375,30,4,,1,9,,582,30,4,,1,20,,573,30,4,,1,14,,1376,30,4,,1,12,,583,30,4,,1,67,,597,30,4,,1,30,,1366,30,4,,1,70,,598,30,4,,1,30,,588,30,4,,1,70,,599,30,4,,1,30,,589,30,4,,1,70,,600,30,4,,1,30,,590,30,4,,1,70,,601,30,4,,1,30,,591,30,4,,1,70,,602,30,4,,1,30,,586,30,4,,1,70,,603,30,4,,1,22,,613,30,4,,1,55,,614,30,4,,1,15,,1367,30,4,,1,10,,625,30,4,,1,10,,626,30,4,,1,10,,1374,30,4,,1,10,,628,30,4,,1,50,,612,30,4,,1,10,,1373,30,4,,1,10,,619,30,4,,1,10,,615,30,4,,1,10,,1372,30,4,,1,10,,617,30,4,,1,50,,618,30,4,,1,10,,1370,30,4,,1,10,,1371,30,4,,1,15,,622,30,4,,1,59,,1368,30,4,,1,10,,1369,30,4,,1,20,,596,30,4,,1,24,,604,30,4,,1,70,,592,30,4,,1,30,,605,30,4,,1,70,,593,30,4,,1,30,,606,30,4,,1,70,,594,30,4,,1,30,,607,30,4,,1,70,,595,30,4,,1,30,,608,30,4,,1,70,,585,30,4,,1,30,,609,30,4,,1,70,,584,30,4,,1
48100,'Week-end-01',640,,629,30,4,,1,85,,630,30,4,,1,85,,631,30,4,,1,45,,632,30,4,,1,85,,633,30,4,,1,85,,634,30,4,,1,85,,635,30,4,,1,45,,636,30,4,,1,85,,637,30,4,,1,85,,638,30,4,,1,85,,640,30,4,,1,45,,639,30,4,,1,85,,641,30,4,,1,85,,642,30,4,,1,85,,643,30,4,,1,45,,644,30,4,,1,85,,645,30,4,,1,85,,646,30,4,,1,85,,647,30,4,,1,45,,648,30,4,,1,85,,649,30,4,,1,85,,650,30,4,,1,85,,651,30,4,,1,45,,652,30,4,,1,85,,653,30,4,,1,85,,654,30,4,,1
48101,'Fête-1-01',550,,1377,10,,,1,85,,1378,10,,,1,85,,1379,10,,,1,85,,1380,10,,,1,45,,1381,10,,,1,85,,1382,10,,,1,85,,1383,10,,,1,85,,1384,10,,,1,45,,1385,10,,,1,85,,1386,10,,,1,85,,1388,10,,,1,85,,1387,10,,,1,45,,1389,10,,,1,85,,1390,10,,,1,85,,1391,10,,,1,85,,1392,10,,,1,45,,1393,10,,,1,85,,1394,10,,,1,85,,1395,10,,,1,85,,1396,10,,,1,45,,1397,10,,,1,85,,1398,10,,,1,85,,1399,10,,,1,85,,1400,10,,,1,45,,1401,10,,,1,85,,1402,10,,,1
48101,'Fête-2-01',507,,1441,10,,,1,15,,1437,10,,,1,17,,1439,10,,,1,18,,1440,10,,,1,60,,1445,10,,,1,28,,1446,10,,,1,82,,1438,10,,,1,90,,1443,10,,,1,90,,1442,10,,,1,38,,1434,10,,,1,70,,1411,10,,,1,30,,1435,10,,,1,70,,1412,10,,,1,30,,1436,10,,,1,73,,1413,10,,,1,27,,1424,10,,,1,73,,1414,10,,,1,27,,1425,10,,,1,73,,1415,10,,,1,27,,1427,10,,,1,64,,1426,10,,,1,20,,1423,10,,,1,20,,1444,10,,,1,64,,1405,10,,,1,10,,1407,10,,,1,13,,1410,10,,,1,64,,1403,10,,,1,27,,1406,10,,,1,14,,1404,10,,,1,60,,1409,10,,,1,20,,1408,10,,,1,33,,1422,10,,,1,61,,1421,10,,,1,37,,1428,10,,,1,71,,1416,10,,,1,22,,1429,10,,,1,72,,1417,10,,,1,28,,1430,10,,,1,70,,1418,10,,,1,30,,1431,10,,,1,70,,1419,10,,,1,30,,1432,10,,,1,70,,1420,10,,,1,33,,1433,10,,,1
48101,'Semaine-01',507,,771,10,,,1,15,,764,10,,,1,17,,768,10,,,1,13,,769,10,,,1,55,,776,10,,,1,10,,777,10,,,1,20,,778,10,,,1,10,,779,10,,,1,12,,1447,10,,,1,58,,770,10,,,1,10,,767,10,,,1,10,,766,10,,,1,20,,763,10,,,1,55,,1449,10,,,1,10,,774,10,,,1,20,,765,10,,,1,65,,773,10,,,1,38,,760,10,,,1,70,,737,10,,,1,30,,761,10,,,1,70,,738,10,,,1,30,,762,10,,,1,73,,739,10,,,1,27,,750,10,,,1,73,,740,10,,,1,27,,751,10,,,1,73,,741,10,,,1,27,,753,10,,,1,72,,1453,10,,,1,12,,749,10,,,1,22,,775,10,,,1,55,,728,10,,,1,15,,1454,10,,,1,10,,729,10,,,1,10,,736,10,,,1,12,,1450,10,,,1,48,,725,10,,,1,12,,731,10,,,1,8,,1448,10,,,1,12,,734,10,,,1,18,,1452,10,,,1,50,,735,10,,,1,20,,1451,10,,,1,32,,748,10,,,1,62,,747,10,,,1,37,,754,10,,,1,63,,742,10,,,1,30,,755,10,,,1,72,,743,10,,,1,28,,756,10,,,1,70,,744,10,,,1,30,,757,10,,,1,70,,745,10,,,1,30,,758,10,,,1,70,,746,10,,,1,30,,759,10,,,1
48101,'Week-end-01',550,,781,10,,,1,85,,782,10,,,1,85,,783,10,,,1,85,,784,10,,,1,45,,785,10,,,1,85,,786,10,,,1,85,,787,10,,,1,85,,788,10,,,1,45,,789,10,,,1,85,,790,10,,,1,85,,792,10,,,1,85,,791,10,,,1,45,,793,10,,,1,85,,794,10,,,1,85,,795,10,,,1,85,,796,10,,,1,45,,797,10,,,1,85,,798,10,,,1,85,,799,10,,,1,85,,800,10,,,1,45,,801,10,,,1,85,,802,10,,,1,85,,803,10,,,1,85,,804,10,,,1,45,,805,10,,,1,85,,806,10,,,1
48200,'Fête-2-01',1616,,1457,30,,,1,26,,1460,30,,,1,64,,1459,30,,,1,37,,1455,30,,,1,63,,1456,30,,,1,32,,1458,30,,,1
48200,'Semaine-01',1609,,815,30,,,1,31,,818,30,,,1,70,,817,30,,,1,30,,813,30,,,1,68,,814,30,,,1,25,,816,30,,,1
48201,'Fête-2-01',627,,1462,80,,,1,73,,1464,80,,,1,17,,1466,80,,,1,27,,1467,80,,,1,58,,1461,80,,,1,35,,1463,80,,,1,15,,1465,80,,,1,70,,1468,80,,,1
48201,'Semaine-01',629,,828,80,,,1,23,,830,80,,,1,57,,832,80,,,1,38,,833,80,,,1,55,,827,80,,,1,31,,829,80,,,1,19,,831,80,,,1,65,,834,80,,,1
