104,10400,'Fête-1-01',1045,1046,1047,1048,1049,1050,1051,1052,1053,1054,1055,1056,1057,1058
104,10400,'Fête-2-01',1059,1060,1061,1062,1063,1064,1065,1066,1067,1068,1069,1070,1071,1072,1073,1074,1075,1076,1077,1078,1079,1080,1081,1082,1083
104,10400,'Semaine-01',40,41,42,43,44,45,46,47,48,49,50,51,52,53,54,55,56,57,58,59,60,61,62,63,64
104,10400,'Week-end-01',65,66,67,68,69,70,71,72,73,74,75,76,77,78
105,10500,'Fête-1-01',1084,1085,1086,1087,1088,1089,1090,1091,1092,1093,1094,1095,1096,1097
105,10500,'Fête-2-01',1098,1099,1100,1101,1102,1103,1104,1105,1106,1107,1108,1109,1110,1111,1112,1113,1114,1115,1116,1117,1118,1119,1120,1121,1122,1123,1124,1125
105,10500,'Semaine-01',121,122,123,124,125,126,127,128,129,130,131,132,133,134,135,136,137,138,139,140,141,142,143,144,145,146,147,148
105,10500,'Week-end-01',149,150,151,152,153,154,155,156,157,158,159,160,161,162
106,10600,'Fête-2-01',1126,1127,1128,1129,1130,1131,1132,1133,1134,1135,1136,1137
106,10600,'Semaine-01',175,176,177,178,179,180,181,182,183,184,185,186
106,10601,'Fête-2-01',1138,1139,1140,1141,1142,1143,1144,1145,1146,1147,1148,1149
106,10601,'Semaine-01',199,200,201,202,203,204,205,206,207,208,209,210
107,10700,'Fête-2-01',1150,1151,1152,1153,1154,1155,1156,1157,1158,1159,1160,1161
107,10700,'Semaine-01',223,224,225,226,227,228,229,230,231,232,233,234
107,10701,'Fête-1-01',1162,1163,1164,1165,1166,1167,1168,1169,1170,1171,1172,1173,1174
107,10701,'Fête-2-01',1175,1176,1177,1178,1179,1180,1181,1182,1183,1184,1185,1186,1187,1188,1189,1190,1191,1192,1193,1194,1195,1196,1197
107,10701,'Semaine-01',271,272,273,274,275,276,277,278,279,280,281,282,283,284,285,286,287,288,289,290,291,292,293
107,10701,'Week-end-01',294,295,296,297,298,299,300,301,302,303,304,305,306
108,10800,'Fête-2-01',1198,1199,1200,1201,1202,1203,1204,1205,1206
108,10800,'Semaine-01',316,317,318,319,320,321,322,323,324
108,10801,'Fête-2-01',1207,1208,1209,1210,1211,1212
108,10801,'Semaine-01',331,332,333,334,335,336
109,10900,'Fête-2-01',1213,1214,1215,1216,1217
109,10900,'Semaine-01',342,343,344,345,346
109,10901,'Fête-2-01',1218,1219,1220,1221
109,10901,'Semaine-01',351,352,353,354
380,38000,'Fête-2-01',1222,1223,1224,1225,1226
380,38000,'Semaine-01',360,361,362,363,364
380,38001,'Fête-2-01',1227,1228,1229,1230,1231
380,38001,'Semaine-01',370,371,372,373,374
381,38100,'Fête-2-01',1232,1233,1234,1235,1236
381,38100,'Semaine-01',380,381,382,383,384
381,38101,'Fête-2-01',1237,1238,1239,1240,1241
381,38101,'Semaine-01',390,391,392,393,394
382,38200,'Fête-2-01',1242,1243,1244,1245,1246
382,38200,'Semaine-01',400,401,402,403,404
382,38201,'Fête-2-01',1247,1248,1249,1250,1251
382,38201,'Semaine-01',410,411,412,413,414
383,38300,'Fête-2-01',1252,1253,1254,1255,1256,1257,1258
383,38300,'Semaine-01',422,423,424,425,426,427,428
383,38301,'Fête-2-01',1259,1260,1261,1262,1263,1264,1265
383,38301,'Semaine-01',436,437,438,439,440,441,442
384,38400,'Fête-2-01',1266,1267,1268,1269,1270
384,38400,'Semaine-01',448,449,450,451,452
384,38401,'Fête-2-01',1271,1272,1273,1274,1275
384,38401,'Semaine-01',458,459,460,461,462
385,38500,'Fête-2-01',1276,1277,1278,1279,1280,1281
385,38500,'Semaine-01',469,470,471,472,473,474
385,38501,'Fête-2-01',1282,1283,1284,1285,1286
385,38501,'Semaine-01',480,481,482,483,484
386,38600,'Fête-2-01',1287,1288,1289
386,38600,'Semaine-01',488,489,490
386,38601,'Fête-2-01',1290,1291,1292
386,38601,'Semaine-01',494,495,496
481,48100,'Fête-1-01',1293,1294,1295,1296,1297,1298,1299,1300,1301,1302,1303,1304,1305,1306,1307,1308,1309,1310,1311,1312,1313,1314,1315,1316,1317,1318
481,48100,'Fête-2-01',1319,1320,1321,1322,1323,1324,1325,1326,1327,1328,1329,1330,1331,1332,1333,1334,1335,1336,1337,1338,1339,1340,1341,1342,1343,1344,1345,1346,1347,1348,1349,1350,1351,1352,1353,1354,1355,1356,1357,1358,1359,1360,1361,1362,1363,1364
481,48100,'Semaine-01',569,571,572,573,574,575,576,579,580,581,582,583,584,585,586,588,589,590,591,592,593,594,595,596,597,598,599,600,601,602,603,604,605,606,607,608,609,1365,1366,1367,1368,1369,1370,1371,1372,1373,1374,1375,1376,612,613,614,615,617,618,619,622,625,626,628
481,48100,'Week-end-01',629,630,631,632,633,634,635,636,637,638,639,640,641,642,643,644,645,646,647,648,649,650,651,652,653,654
481,48101,'Fête-1-01',1377,1378,1379,1380,1381,1382,1383,1384,1385,1386,1387,1388,1389,1390,1391,1392,1393,1394,1395,1396,1397,1398,1399,1400,1401,1402
481,48101,'Fête-2-01',1403,1404,1405,1406,1407,1408,1409,1410,1411,1412,1413,1414,1415,1416,1417,1418,1419,1420,1421,1422,1423,1424,1425,1426,1427,1428,1429,1430,1431,1432,1433,1434,1435,1436,1437,1438,1439,1440,1441,1442,1443,1444,1445,1446
481,48101,'Semaine-01',725,728,729,731,734,735,736,737,738,739,740,741,742,743,744,745,746,747,748,749,750,751,753,754,755,756,757,758,759,760,761,762,1447,1448,1449,1450,1451,1452,1453,1454,763,764,765,766,767,768,769,770,771,773,774,775,776,777,778,779
481,48101,'Week-end-01',781,782,783,784,785,786,787,788,789,790,791,792,793,794,795,796,797,798,799,800,801,802,803,804,805,806
482,48200,'Fête-2-01',1455,1456,1457,1458,1459,1460
482,48200,'Semaine-01',813,814,815,816,817,818
482,48201,'Fête-2-01',1461,1462,1463,1464,1465,1466,1467,1468
482,48201,'Semaine-01',827,828,829,830,831,832,833,834
483,48300,'Fête-2-01',1469,1470
483,48300,'Semaine-01',837,838
483,48301,'Fête-2-01',1471,1472
483,48301,'Semaine-01',841,842
484,48400,'Fête-2-01',1473,1474
484,48400,'Semaine-01',845,846
484,48401,'Fête-2-01',1475,1476
484,48401,'Semaine-01',849,850
485,48500,'Semaine-01',851,852,853,854,855,856,857,858,859,860
485,48501,'Semaine-01',861,862,863,864,865,866,867,868,869,870
486,48600,'Fête-2-01',1477,1478
486,48600,'Semaine-01',873,874
486,48601,'Fête-2-01',1479,1480
486,48601,'Semaine-01',877,878
487,48700,'Fête-2-01',1481,1482,1483,1484,1485,1486,1487,1488
487,48700,'Semaine-01',887,888,889,890,891,892,893,894
487,48701,'Fête-2-01',1489,1490,1491,1492,1493,1494
487,48701,'Semaine-01',901,902,903,904,905,906
488,48800,'Semaine-01',907,908,909,910,911,912,913,914
488,48801,'Semaine-01',915,916,917,918,919,920,921,922
680,68000,'Fête-1-01',1495,1496,1497,1498,1499,1500,1501,1502
680,68000,'Week-end-01',931,932,933,934,935,936,937,938
680,68001,'Fête-1-01',1503,1504,1505,1506,1507,1508,1509,1510
680,68001,'Week-end-01',947,948,949,950,951,952,953,954
681,68100,'Fête-2-01',1511,1512,1513,1514,1515,1516,1517,1518,1519,1520,1521,1522,1523,1524,1525,1526,1527,1528
681,68100,'Semaine-01',973,974,975,976,977,978,979,980,981,982,983,984,985,986,987,988,989,990
681,68101,'Fête-2-01',1529,1530,1531,1532,1533,1534,1535,1536,1537,1538,1539,1540,1541,1542,1543,1544,1545,1546,1547
681,68101,'Semaine-01',1010,1548,1012,1013,1014,1015,1016,1017,1018,1019,1020,1021,1022,1023,1024,1549,1550,1027,1028,1029
685,68500,'Fête-2-01',1551,1552,1553
685,68500,'Semaine-01',1033,1034,1035
685,68501,'Fête-2-01',1554,1555,1556,1557
685,68501,'Semaine-01',1558,1041,1042,1043,1044
