10500,'Fête-1-01',738,,1085,40,,,0,170,,1086,40,,,0,130,,1087,40,,,0,170,,1088,40,,,0,130,,1089,40,,,0,170,,1090,40,,,0,130,,1091,40,,,0,170,,1092,40,,,0,130,,1093,40,,,0,170,,1094,40,,,0,130,,1095,40,,,0,170,,1096,40,,,0,40,,1097,40,,,0
10500,'Fête-2-01',549,,1111,40,,,0,70,,1112,40,,,0,30,,1113,40,,,0,59,,1114,40,,,0,40,,1115,40,,,0,155,,1099,40,,,0,98,,1100,40,,,0,108,,1101,40,,,0,94,,1102,40,,,0,106,,1103,40,,,0,94,,1104,40,,,0,106,,1105,40,,,0,115,,1125,40,,,0,18,,1120,40,,,0,61,,1121,40,,,0,43,,1116,40,,,0,57,,1117,40,,,0,20,,1118,40,,,0,94,,1119,40,,,0,86,,1106,40,,,0,103,,1107,40,,,0,101,,1108,40,,,0,99,,1109,40,,,0,100,,1110,40,,,0,94,,1098,40,,,0
10500,'Semaine-01',549,,134,40,,,0,70,,135,40,,,0,30,,136,40,,,0,59,,137,40,,,0,40,,138,40,,,0,155,,122,40,,,0,98,,123,40,,,0,108,,124,40,,,0,94,,125,40,,,0,106,,126,40,,,0,94,,127,40,,,0,106,,128,40,,,0,115,,148,40,,,0,18,,143,40,,,0,61,,144,40,,,0,43,,139,40,,,0,57,,140,40,,,0,20,,141,40,,,0,94,,142,40,,,0,86,,129,40,,,0,103,,130,40,,,0,101,,131,40,,,0,99,,132,40,,,0,100,,133,40,,,0,94,,121,40,,,0
10500,'Week-end-01',738,,150,40,,,0,170,,151,40,,,0,130,,152,40,,,0,170,,153,40,,,0,130,,154,40,,,0,170,,155,40,,,0,130,,156,40,,,0,170,,157,40,,,0,130,,158,40,,,0,170,,159,40,,,0,130,,160,40,,,0,170,,161,40,,,0,40,,162,40,,,0
10800,'Fête-2-01',1551,,1198,40,,,0,60,,1205,40,,,0,30,,1200,40,,,0,70,,1206,40,,,0,30,,1201,40,,,0,60,,1199,40,,,0,21,,1202,40,,,0,25,,1203,40,,,0,69,,1204,40,,,0
10800,'Semaine-01',1551,,316,40,,,0,60,,323,40,,,0,30,,318,40,,,0,70,,324,40,,,0,30,,319,40,,,0,60,,317,40,,,0,21,,320,40,,,0,25,,321,40,,,0,69,,322,40,,,0
38500,'Fête-2-01',502,,1276,40,,,0,39,,1277,40,,,0,63,,1278,40,,,0,34,,1279,40,,,0,64,,1280,40,,,0,39,,1281,40,,,0
38500,'Semaine-01',502,,469,40,,,0,39,,470,40,,,0,63,,471,40,,,0,34,,472,40,,,0,64,,473,40,,,0,39,,474,40,,,0
48200,'Fête-2-01',1620,,1457,60,,,1,26,,1460,60,,,1,64,,1459,60,,,1,37,,1455,60,,,1,63,,1456,60,,,1,32,,1458,60,,,1
48200,'Semaine-01',1613,,815,60,,,1,31,,818,60,,,1,70,,817,60,,,1,30,,813,60,,,1,68,,814,60,,,1,25,,816,60,,,1
68100,'Fête-2-01',545,,1516,160,,,0,303,,1521,260,,,0,772,,1513,330,,,0,110,,1526,260,,,0,90,,1523,260,,,0,94,,1512,330,,,0
68100,'Semaine-01',545,,978,160,,,0,303,,983,260,,,0,772,,975,330,,,0,110,,988,260,,,0,90,,985,260,,,0,94,,974,330,,,0
