10601,'Fête-2-01',1547,,1149,250,,,0,60,,1144,250,,,0,20,,1145,250,,,0,20,,1146,250,,,0,60,,1147,250,,,0,20,,1140,250,,,0,20,,1138,250,,,0,60,,1139,250,,,0,20,,1142,250,,,0,20,,1141,250,,,0,60,,1143,250,,,0,22,,1148,250,,,0
10601,'Semaine-01',1547,,210,250,,,0,60,,205,250,,,0,20,,206,250,,,0,20,,207,250,,,0,60,,208,250,,,0,20,,201,250,,,0,20,,199,250,,,0,60,,200,250,,,0,20,,203,250,,,0,20,,202,250,,,0,60,,204,250,,,0,22,,209,250,,,0
10700,'Fête-2-01',502,,1161,190,,,0,27,,1157,190,,,0,20,,1158,190,,,0,60,,1159,190,,,0,20,,1160,190,,,0,20,,1156,190,,,0,60,,1150,190,,,0,20,,1151,190,,,0,20,,1153,190,,,0,60,,1155,190,,,0,20,,1154,190,,,0,24,,1152,190,,,0
10700,'Semaine-01',502,,234,190,,,0,27,,230,190,,,0,20,,231,190,,,0,60,,232,190,,,0,20,,233,190,,,0,20,,229,190,,,0,60,,223,190,,,0,20,,224,190,,,0,20,,226,190,,,0,60,,228,190,,,0,20,,227,190,,,0,24,,225,190,,,0
10900,'Fête-2-01',1148,,1213,160,4,,0,200,,1214,160,4,,0,169,,1215,160,4,,0,135,,1216,160,4,,0,149,,1217,160,4,,0
10900,'Semaine-01',1148,,342,160,4,,0,200,,343,160,4,,0,169,,344,160,4,,0,135,,345,160,4,,0,149,,346,160,4,,0
38301,'Fête-2-01',610,,1261,210,,,0,100,,1262,210,,,0,32,,1260,210,,,0,71,,1259,210,,,0,28,,1263,210,,,0,80,,1264,210,,,0,99,,1265,210,,,0
38301,'Semaine-01',610,,438,210,,,0,100,,439,210,,,0,32,,437,210,,,0,71,,436,210,,,0,28,,440,210,,,0,80,,441,210,,,0,99,,442,210,,,0
48801,'Semaine-01',559,,919,190,,,0,60,,920,190,,,0,21,,921,190,,,0,60,,922,190,,,0,20,,917,190,,,0,20,,918,190,,,0,60,,916,190,,,0,20,,915,190,,,0
68000,'Fête-1-01',855,,1495,230,,,0,166,,1496,230,,,0,134,,1497,230,,,0,169,,1498,230,,,0,130,,1499,230,,,0,170,,1500,230,,,0,128,,1501,230,,,0,167,,1502,230,,,0
68000,'Week-end-01',855,,931,230,,,0,166,,932,230,,,0,134,,933,230,,,0,169,,934,230,,,0,130,,935,230,,,0,170,,936,230,,,0,128,,937,230,,,0,167,,938,230,,,0
68100,'Fête-2-01',542,,1516,110,,,0,198,,1515,210,,,0,103,,1521,210,,,0,104,,1522,210,,,0,112,,1511,280,,,0,93,,1517,210,,,0,105,,1518,280,,,0,95,,1519,210,,,0,106,,1520,280,,,0,155,,1513,280,,,0,109,,1526,210,,,0,91,,1523,210,,,0,94,,1512,280,,,0,44,,1527,260,,,0,103,,1528,280,,,0,101,,1514,260,,,0,100,,1524,280,,,0,101,,1525,280,,,0
68100,'Semaine-01',542,,978,110,,,0,198,,977,210,,,0,103,,983,210,,,0,104,,984,210,,,0,112,,973,280,,,0,93,,979,210,,,0,105,,980,280,,,0,95,,981,210,,,0,106,,982,280,,,0,155,,975,280,,,0,109,,988,210,,,0,91,,985,210,,,0,94,,974,280,,,0,44,,989,260,,,0,103,,990,280,,,0,101,,976,260,,,0,100,,986,280,,,0,101,,987,280,,,0
68501,'Fête-2-01',702,,1555,110,,,0,100,,1556,110,,,0,208,,1557,110,,,0,203,,1554,110,,,0
68501,'Semaine-01',702,,1042,110,,,0,100,,1043,110,,,0,208,,1044,110,,,0,203,,1041,110,,,0
