10400,'Fête-1-01',604,,1045,60,,,1,130,,1046,60,,,1,170,,1047,60,,,1,130,,1048,60,,,1,170,,1049,60,,,1,130,,1050,60,,,1,170,,1051,60,,,1,130,,1052,60,,,1,170,,1053,60,,,1,130,,1054,60,,,1,170,,1055,60,,,1,130,,1056,60,,,1,170,,1057,60,,,1,130,,1058,60,,,1
10400,'Fête-2-01',912,,1077,60,,,1,30,,1064,60,,,1,70,,1078,60,,,1,30,,1065,60,,,1,70,,1079,60,,,1,30,,1066,60,,,1,70,,1080,60,,,1,30,,1067,60,,,1,70,,1081,60,,,1,30,,1068,60,,,1,70,,1082,60,,,1,30,,1069,60,,,1,70,,1070,60,,,1,425,,1083,60,,,1,71,,1059,60,,,1,29,,1071,60,,,1,70,,1060,60,,,1,30,,1072,60,,,1,70,,1061,60,,,1,30,,1073,60,,,1,70,,1062,60,,,1,30,,1074,60,,,1,70,,1063,60,,,1,30,,1075,60,,,1,93,,1076,60,,,1
10400,'Semaine-01',912,,58,60,,,1,30,,45,60,,,1,70,,59,60,,,1,30,,46,60,,,1,70,,60,60,,,1,30,,47,60,,,1,70,,61,60,,,1,30,,48,60,,,1,70,,62,60,,,1,30,,49,60,,,1,70,,63,60,,,1,30,,50,60,,,1,70,,51,60,,,1,425,,64,60,,,1,71,,40,60,,,1,29,,52,60,,,1,70,,41,60,,,1,30,,53,60,,,1,70,,42,60,,,1,30,,54,60,,,1,70,,43,60,,,1,30,,55,60,,,1,70,,44,60,,,1,30,,56,60,,,1,93,,57,60,,,1
10400,'Week-end-01',604,,65,60,,,1,130,,66,60,,,1,170,,67,60,,,1,130,,68,60,,,1,170,,69,60,,,1,130,,70,60,,,1,170,,71,60,,,1,130,,72,60,,,1,170,,73,60,,,1,130,,74,60,,,1,170,,75,60,,,1,130,,76,60,,,1,170,,77,60,,,1,130,,78,60,,,1
10600,'Fête-2-01',458,,1137,60,,,0,60,,1133,60,,,0,20,,1134,60,,,0,20,,1135,60,,,0,60,,1130,60,,,0,20,,1132,60,,,0,20,,1131,60,,,0,60,,1128,60,,,0,20,,1129,60,,,0,20,,1126,60,,,0,60,,1127,60,,,0,20,,1136,60,,,0
10600,'Semaine-01',458,,186,60,,,0,60,,182,60,,,0,20,,183,60,,,0,20,,184,60,,,0,60,,179,60,,,0,20,,181,60,,,0,20,,180,60,,,0,60,,177,60,,,0,20,,178,60,,,0,20,,175,60,,,0,60,,176,60,,,0,20,,185,60,,,0
10701,'Fête-1-01',533,,1174,50,,,0,125,,1162,50,,,0,170,,1163,50,,,0,130,,1164,50,,,0,170,,1165,50,,,0,130,,1166,50,,,0,170,,1167,50,,,0,130,,1168,50,,,0,170,,1169,50,,,0,130,,1170,50,,,0,170,,1171,50,,,0,130,,1172,50,,,0,170,,1173,50,,,0
10701,'Fête-2-01',930,,1188,50,,,0,100,,1189,50,,,0,100,,1190,50,,,0,100,,1191,50,,,0,100,,1185,50,,,0,100,,1186,50,,,0,105,,1197,50,,,0,20,,1175,50,,,0,60,,1176,50,,,0,20,,1177,50,,,0,20,,1178,50,,,0,60,,1179,50,,,0,20,,1180,50,,,0,20,,1181,50,,,0,60,,1182,50,,,0,20,,1183,50,,,0,20,,1184,50,,,0,82,,1192,50,,,0,93,,1193,50,,,0,100,,1194,50,,,0,100,,1195,50,,,0,100,,1196,50,,,0,100,,1187,50,,,0
10701,'Semaine-01',930,,284,50,,,0,100,,285,50,,,0,100,,286,50,,,0,100,,287,50,,,0,100,,281,50,,,0,100,,282,50,,,0,105,,293,50,,,0,20,,271,50,,,0,60,,272,50,,,0,20,,273,50,,,0,20,,274,50,,,0,60,,275,50,,,0,20,,276,50,,,0,20,,277,50,,,0,60,,278,50,,,0,20,,279,50,,,0,20,,280,50,,,0,82,,288,50,,,0,93,,289,50,,,0,100,,290,50,,,0,100,,291,50,,,0,100,,292,50,,,0,100,,283,50,,,0
10701,'Week-end-01',533,,306,50,,,0,125,,294,50,,,0,170,,295,50,,,0,130,,296,50,,,0,170,,297,50,,,0,130,,298,50,,,0,170,,299,50,,,0,130,,300,50,,,0,170,,301,50,,,0,130,,302,50,,,0,170,,303,50,,,0,130,,304,50,,,0,170,,305,50,,,0
10901,'Fête-2-01',603,,1218,60,,,0,30,,1219,60,,,0,70,,1220,60,,,0,25,,1221,60,,,0
10901,'Semaine-01',603,,351,60,,,0,30,,352,60,,,0,70,,353,60,,,0,25,,354,60,,,0
38300,'Fête-2-01',1245,,1254,60,,,0,200,,1253,60,,,0,101,,1255,60,,,0,158,,1256,60,,,0,98,,1257,60,,,0,53,,1258,60,,,0,84,,1252,60,,,0
38300,'Semaine-01',1245,,424,60,,,0,200,,423,60,,,0,101,,425,60,,,0,158,,426,60,,,0,98,,427,60,,,0,53,,428,60,,,0,84,,422,60,,,0
48800,'Semaine-01',1619,,907,70,,,0,11,,908,70,,,0,71,,909,70,,,0,18,,910,70,,,0,24,,911,70,,,0,58,,912,70,,,0,16,,913,70,,,0,22,,914,70,,,0
68001,'Fête-1-01',723,,1510,50,,,0,130,,1503,50,,,0,170,,1504,50,,,0,130,,1505,50,,,0,170,,1506,50,,,0,130,,1507,50,,,0,170,,1508,50,,,0,130,,1509,50,,,0
68001,'Week-end-01',723,,954,50,,,0,130,,947,50,,,0,170,,948,50,,,0,130,,949,50,,,0,170,,950,50,,,0,130,,951,50,,,0,170,,952,50,,,0,130,,953,50,,,0
68101,'Fête-2-01',602,,1542,150,,,0,47,,1540,150,,,0,83,,1543,150,,,0,71,,1529,50,,,0,29,,1544,150,,,0,79,,1532,150,,,0,100,,1533,50,,,0,100,,1534,50,,,0,106,,1535,50,,,0,96,,1536,50,,,0,106,,1530,50,,,0,93,,1531,50,,,0,115,,1546,50,,,0,90,,1547,150,,,0,95,,1539,50,,,0,106,,1541,50,,,0,109,,1545,50,,,0,87,,1538,50,,,0,103,,1537,50,,,0
68101,'Semaine-01',602,,1024,150,,,0,47,,1022,150,,,0,55,,1548,50,,,0,28,,1549,150,,,0,71,,1010,50,,,0,29,,1550,150,,,0,79,,1014,150,,,0,100,,1015,50,,,0,100,,1016,50,,,0,106,,1017,50,,,0,96,,1018,50,,,0,106,,1012,50,,,0,93,,1013,50,,,0,115,,1028,50,,,0,90,,1029,150,,,0,95,,1021,50,,,0,106,,1023,50,,,0,109,,1027,50,,,0,87,,1020,50,,,0,103,,1019,50,,,0
68500,'Fête-2-01',1337,,1553,150,,,0,363,,1551,150,,,0,150,,1552,150,,,0
68500,'Semaine-01',1337,,1035,150,,,0,363,,1033,150,,,0,150,,1034,150,,,0
