10400,'Fête-1-01',616,,1045,210,,,1,130,,1046,210,,,1,170,,1047,210,,,1,130,,1048,210,,,1,170,,1049,210,,,1,130,,1050,210,,,1,170,,1051,210,,,1,130,,1052,210,,,1,170,,1053,210,,,1,130,,1054,210,,,1,170,,1055,210,,,1,130,,1056,210,,,1,170,,1057,210,,,1,130,,1058,210,,,1
10400,'Fête-2-01',924,,1077,210,,,1,30,,1064,210,,,1,70,,1078,210,,,1,30,,1065,210,,,1,70,,1079,210,,,1,30,,1066,210,,,1,70,,1080,210,,,1,30,,1067,210,,,1,70,,1081,210,,,1,30,,1068,210,,,1,70,,1082,210,,,1,30,,1069,210,,,1,71,,1070,210,,,1,424,,1083,210,,,1,71,,1059,210,,,1,29,,1071,210,,,1,70,,1060,210,,,1,30,,1072,210,,,1,70,,1061,210,,,1,30,,1073,210,,,1,70,,1062,210,,,1,30,,1074,210,,,1,70,,1063,210,,,1,30,,1075,210,,,1,93,,1076,210,,,1
10400,'Semaine-01',924,,58,210,,,1,30,,45,210,,,1,70,,59,210,,,1,30,,46,210,,,1,70,,60,210,,,1,30,,47,210,,,1,70,,61,210,,,1,30,,48,210,,,1,70,,62,210,,,1,30,,49,210,,,1,70,,63,210,,,1,30,,50,210,,,1,71,,51,210,,,1,424,,64,210,,,1,71,,40,210,,,1,29,,52,210,,,1,70,,41,210,,,1,30,,53,210,,,1,70,,42,210,,,1,30,,54,210,,,1,70,,43,210,,,1,30,,55,210,,,1,70,,44,210,,,1,30,,56,210,,,1,93,,57,210,,,1
10400,'Week-end-01',616,,65,210,,,1,130,,66,210,,,1,170,,67,210,,,1,130,,68,210,,,1,170,,69,210,,,1,130,,70,210,,,1,170,,71,210,,,1,130,,72,210,,,1,170,,73,210,,,1,130,,74,210,,,1,170,,75,210,,,1,130,,76,210,,,1,170,,77,210,,,1,130,,78,210,,,1
10500,'Fête-1-01',704,,1084,470,0,5,0,130,,1085,770,,,0,170,,1086,770,,,0,130,,1087,770,,,0,170,,1088,770,,,0,130,,1089,770,,,0,170,,1090,770,,,0,130,,1091,770,,,0,170,,1092,770,,,0,130,,1093,770,,,0,170,,1094,770,,,0,130,,1095,770,,,0,170,,1096,770,,,0
10500,'Fête-2-01',530,,1122,470,0,5,0,75,,1123,470,0,5,0,30,,1124,470,0,5,0,13,,1111,770,,,0,70,,1112,770,,,0,30,,1113,770,,,0,59,,1114,770,,,0,40,,1115,770,,,0,112,,1099,770,,,0,98,,1100,770,,,0,148,,1101,770,,,0,54,,1102,770,,,0,146,,1103,770,,,0,54,,1104,770,,,0,155,,1105,770,,,0,115,,1125,770,,,0,18,,1120,770,,,0,60,,1121,770,,,0,43,,1116,770,,,0,54,,1117,770,,,0,17,,1118,770,,,0,92,,1119,770,,,0,46,,1106,770,,,0,143,,1107,770,,,0,101,,1108,770,,,0,99,,1109,770,,,0
10500,'Semaine-01',530,,145,470,0,5,0,75,,146,470,0,5,0,30,,147,470,0,5,0,13,,134,770,,,0,70,,135,770,,,0,30,,136,770,,,0,59,,137,770,,,0,40,,138,770,,,0,112,,122,770,,,0,98,,123,770,,,0,148,,124,770,,,0,54,,125,770,,,0,146,,126,770,,,0,54,,127,770,,,0,155,,128,770,,,0,115,,148,770,,,0,18,,143,770,,,0,60,,144,770,,,0,43,,139,770,,,0,54,,140,770,,,0,17,,141,770,,,0,92,,142,770,,,0,46,,129,770,,,0,143,,130,770,,,0,101,,131,770,,,0,99,,132,770,,,0
10500,'Week-end-01',704,,149,470,0,5,0,130,,150,770,,,0,170,,151,770,,,0,130,,152,770,,,0,170,,153,770,,,0,130,,154,770,,,0,170,,155,770,,,0,130,,156,770,,,0,170,,157,770,,,0,130,,158,770,,,0,170,,159,770,,,0,130,,160,770,,,0,170,,161,770,,,0
10600,'Fête-2-01',503,,1137,120,,,0,20,,1133,120,,,0,20,,1134,120,,,0,60,,1135,120,,,0,20,,1130,120,,,0,20,,1132,120,,,0,60,,1131,120,,,0,20,,1128,120,,,0,20,,1129,120,,,0,60,,1126,120,,,0,20,,1127,120,,,0,20,,1136,120,,,0
10600,'Semaine-01',503,,186,120,,,0,20,,182,120,,,0,20,,183,120,,,0,60,,184,120,,,0,20,,179,120,,,0,20,,181,120,,,0,60,,180,120,,,0,20,,177,120,,,0,20,,178,120,,,0,60,,175,120,,,0,20,,176,120,,,0,20,,185,120,,,0
48501,'Semaine-01',544,,869,90,,,0,15,,870,90,,,0,55,,866,90,,,0,15,,864,90,,,0,15,,865,90,,,0,15,,867,90,,,0,54,,868,90,,,0,17,,863,90,,,0,15,,861,90,,,0,69,,862,90,,,0
