10500,'Fête-1-01',737,,1085,30,,,0,170,,1086,30,,,0,130,,1087,30,,,0,170,,1088,30,,,0,130,,1089,30,,,0,170,,1090,30,,,0,130,,1091,30,,,0,170,,1092,30,,,0,130,,1093,30,,,0,170,,1094,30,,,0,130,,1095,30,,,0,170,,1096,30,,,0,40,,1097,30,,,0
10500,'Fête-2-01',548,,1111,30,,,0,70,,1112,30,,,0,30,,1113,30,,,0,59,,1114,30,,,0,40,,1115,30,,,0,155,,1099,30,,,0,98,,1100,30,,,0,108,,1101,30,,,0,94,,1102,30,,,0,106,,1103,30,,,0,94,,1104,30,,,0,106,,1105,30,,,0,115,,1125,30,,,0,18,,1120,30,,,0,61,,1121,30,,,0,43,,1116,30,,,0,57,,1117,30,,,0,20,,1118,30,,,0,94,,1119,30,,,0,86,,1106,30,,,0,103,,1107,30,,,0,101,,1108,30,,,0,99,,1109,30,,,0,100,,1110,30,,,0,54,,1098,30,,,0
10500,'Semaine-01',548,,134,30,,,0,70,,135,30,,,0,30,,136,30,,,0,59,,137,30,,,0,40,,138,30,,,0,155,,122,30,,,0,98,,123,30,,,0,108,,124,30,,,0,94,,125,30,,,0,106,,126,30,,,0,94,,127,30,,,0,106,,128,30,,,0,115,,148,30,,,0,18,,143,30,,,0,61,,144,30,,,0,43,,139,30,,,0,57,,140,30,,,0,20,,141,30,,,0,94,,142,30,,,0,86,,129,30,,,0,103,,130,30,,,0,101,,131,30,,,0,99,,132,30,,,0,100,,133,30,,,0,54,,121,30,,,0
10500,'Week-end-01',737,,150,30,,,0,170,,151,30,,,0,130,,152,30,,,0,170,,153,30,,,0,130,,154,30,,,0,170,,155,30,,,0,130,,156,30,,,0,170,,157,30,,,0,130,,158,30,,,0,170,,159,30,,,0,130,,160,30,,,0,170,,161,30,,,0,40,,162,30,,,0
10800,'Fête-2-01',1551,,1198,30,,,0,60,,1205,30,,,0,30,,1200,30,,,0,70,,1206,30,,,0,30,,1201,30,,,0,60,,1199,30,,,0,21,,1202,30,,,0,25,,1203,30,,,0,69,,1204,30,,,0
10800,'Semaine-01',1551,,316,30,,,0,60,,323,30,,,0,30,,318,30,,,0,70,,324,30,,,0,30,,319,30,,,0,60,,317,30,,,0,21,,320,30,,,0,25,,321,30,,,0,69,,322,30,,,0
38500,'Fête-2-01',502,,1276,30,,,0,39,,1277,30,,,0,63,,1278,30,,,0,34,,1279,30,,,0,64,,1280,30,,,0,39,,1281,30,,,0
38500,'Semaine-01',502,,469,30,,,0,39,,470,30,,,0,63,,471,30,,,0,34,,472,30,,,0,64,,473,30,,,0,39,,474,30,,,0
48200,'Fête-2-01',1619,,1457,50,,,1,26,,1460,50,,,1,64,,1459,50,,,1,37,,1455,50,,,1,63,,1456,50,,,1,32,,1458,50,,,1
48200,'Semaine-01',1612,,815,50,,,1,31,,818,50,,,1,70,,817,50,,,1,30,,813,50,,,1,68,,814,50,,,1,25,,816,50,,,1
68100,'Fête-2-01',545,,1516,150,,,0,303,,1521,250,,,0,771,,1513,320,,,0,110,,1526,250,,,0,90,,1523,250,,,0,94,,1512,320,,,0
68100,'Semaine-01',545,,978,150,,,0,303,,983,250,,,0,771,,975,320,,,0,110,,988,250,,,0,90,,985,250,,,0,94,,974,320,,,0
