10900,'Fête-2-01',1144,,1213,60,4,,0,200,,1214,60,4,,0,169,,1215,60,4,,0,135,,1216,60,4,,0,109,,1217,60,4,,0
10900,'Semaine-01',1144,,342,60,4,,0,200,,343,60,4,,0,169,,344,60,4,,0,135,,345,60,4,,0,109,,346,60,4,,0
38000,'Fête-2-01',604,,1224,130,4,,0,100,,1225,130,4,,0,131,,1226,130,4,,0,80,,1222,130,4,,0,200,,1223,130,4,,0
38000,'Semaine-01',604,,362,130,4,,0,100,,363,130,4,,0,131,,364,130,4,,0,80,,360,130,4,,0,200,,361,130,4,,0
38101,'Fête-2-01',1252,,1238,10,,,0,200,,1237,10,,,0,259,,1239,10,,,0,98,,1240,10,,,0,93,,1241,10,,,0
38101,'Semaine-01',1252,,391,10,,,0,200,,390,10,,,0,259,,392,10,,,0,98,,393,10,,,0,93,,394,10,,,0
38200,'Fête-2-01',1252,,1242,10,,,0,200,,1246,10,,,0,259,,1243,10,,,0,98,,1244,10,,,0,93,,1245,10,,,0
38200,'Semaine-01',1252,,400,10,,,0,200,,404,10,,,0,259,,401,10,,,0,98,,402,10,,,0,93,,403,10,,,0
38300,'Fête-2-01',1252,,1254,130,,,0,200,,1253,130,,,0,101,,1255,130,,,0,158,,1256,130,,,0,98,,1257,130,,,0,93,,1258,130,,,0,44,,1252,130,,,0
38300,'Semaine-01',1252,,424,130,,,0,200,,423,130,,,0,101,,425,130,,,0,158,,426,130,,,0,98,,427,130,,,0,93,,428,130,,,0,44,,422,130,,,0
38401,'Fête-2-01',1252,,1271,10,,,0,200,,1275,10,,,0,259,,1272,10,,,0,98,,1273,10,,,0,93,,1274,10,,,0
38401,'Semaine-01',1252,,458,10,,,0,200,,462,10,,,0,259,,459,10,,,0,98,,460,10,,,0,93,,461,10,,,0
48301,'Fête-2-01',631,,1471,10,,,0,92,,1472,10,,,0
48301,'Semaine-01',631,,841,10,,,0,92,,842,10,,,0
48400,'Fête-2-01',1710,,1473,160,,,0,97,,1474,160,,,0
48400,'Semaine-01',1710,,845,160,,,0,102,,846,160,,,0
68000,'Fête-1-01',845,,1495,130,,,0,166,,1496,130,,,0,135,,1497,130,,,0,167,,1498,130,,,0,130,,1499,130,,,0,170,,1500,130,,,0,129,,1501,130,,,0,167,,1502,130,,,0
68000,'Week-end-01',845,,931,130,,,0,166,,932,130,,,0,135,,933,130,,,0,167,,934,130,,,0,130,,935,130,,,0,170,,936,130,,,0,129,,937,130,,,0,167,,938,130,,,0
68100,'Fête-2-01',535,,1516,10,,,0,198,,1515,110,,,0,100,,1521,110,,,0,106,,1522,110,,,0,110,,1511,180,,,0,93,,1517,110,,,0,105,,1518,180,,,0,95,,1519,110,,,0,105,,1520,180,,,0,154,,1513,180,,,0,107,,1526,110,,,0,93,,1523,110,,,0,56,,1512,180,,,0,84,,1527,160,,,0,103,,1528,180,,,0,102,,1514,160,,,0,101,,1524,180,,,0,101,,1525,180,,,0
68100,'Semaine-01',535,,978,10,,,0,198,,977,110,,,0,100,,983,110,,,0,106,,984,110,,,0,110,,973,180,,,0,93,,979,110,,,0,105,,980,180,,,0,95,,981,110,,,0,105,,982,180,,,0,154,,975,180,,,0,107,,988,110,,,0,93,,985,110,,,0,56,,974,180,,,0,84,,989,160,,,0,103,,990,180,,,0,102,,976,160,,,0,101,,986,180,,,0,101,,987,180,,,0
68501,'Fête-2-01',654,,1555,10,,,0,100,,1556,10,,,0,248,,1557,10,,,0,203,,1554,10,,,0
68501,'Semaine-01',654,,1042,10,,,0,100,,1043,10,,,0,248,,1044,10,,,0,203,,1041,10,,,0
