10400,'Fête-1-01',601,,1045,20,,,1,130,,1046,20,,,1,170,,1047,20,,,1,130,,1048,20,,,1,170,,1049,20,,,1,130,,1050,20,,,1,170,,1051,20,,,1,130,,1052,20,,,1,170,,1053,20,,,1,130,,1054,20,,,1,170,,1055,20,,,1,130,,1056,20,,,1,170,,1057,20,,,1,130,,1058,20,,,1
10400,'Fête-2-01',909,,1077,20,,,1,30,,1064,20,,,1,70,,1078,20,,,1,30,,1065,20,,,1,70,,1079,20,,,1,30,,1066,20,,,1,70,,1080,20,,,1,30,,1067,20,,,1,70,,1081,20,,,1,30,,1068,20,,,1,70,,1082,20,,,1,30,,1069,20,,,1,70,,1070,20,,,1,425,,1083,20,,,1,71,,1059,20,,,1,29,,1071,20,,,1,70,,1060,20,,,1,30,,1072,20,,,1,70,,1061,20,,,1,30,,1073,20,,,1,70,,1062,20,,,1,30,,1074,20,,,1,70,,1063,20,,,1,30,,1075,20,,,1,93,,1076,20,,,1
10400,'Semaine-01',909,,58,20,,,1,30,,45,20,,,1,70,,59,20,,,1,30,,46,20,,,1,70,,60,20,,,1,30,,47,20,,,1,70,,61,20,,,1,30,,48,20,,,1,70,,62,20,,,1,30,,49,20,,,1,70,,63,20,,,1,30,,50,20,,,1,70,,51,20,,,1,425,,64,20,,,1,71,,40,20,,,1,29,,52,20,,,1,70,,41,20,,,1,30,,53,20,,,1,70,,42,20,,,1,30,,54,20,,,1,70,,43,20,,,1,30,,55,20,,,1,70,,44,20,,,1,30,,56,20,,,1,93,,57,20,,,1
10400,'Week-end-01',601,,65,20,,,1,130,,66,20,,,1,170,,67,20,,,1,130,,68,20,,,1,170,,69,20,,,1,130,,70,20,,,1,170,,71,20,,,1,130,,72,20,,,1,170,,73,20,,,1,130,,74,20,,,1,170,,75,20,,,1,130,,76,20,,,1,170,,77,20,,,1,130,,78,20,,,1
10600,'Fête-2-01',454,,1137,20,,,0,60,,1133,20,,,0,20,,1134,20,,,0,20,,1135,20,,,0,60,,1130,20,,,0,20,,1132,20,,,0,20,,1131,20,,,0,60,,1128,20,,,0,20,,1129,20,,,0,20,,1126,20,,,0,60,,1127,20,,,0,20,,1136,20,,,0
10600,'Semaine-01',454,,186,20,,,0,60,,182,20,,,0,20,,183,20,,,0,20,,184,20,,,0,60,,179,20,,,0,20,,181,20,,,0,20,,180,20,,,0,60,,177,20,,,0,20,,178,20,,,0,20,,175,20,,,0,60,,176,20,,,0,20,,185,20,,,0
10901,'Fête-2-01',601,,1218,20,,,0,30,,1219,20,,,0,70,,1220,20,,,0,25,,1221,20,,,0
10901,'Semaine-01',601,,351,20,,,0,30,,352,20,,,0,70,,353,20,,,0,25,,354,20,,,0
38300,'Fête-2-01',1243,,1254,20,,,0,200,,1253,20,,,0,101,,1255,20,,,0,158,,1256,20,,,0,98,,1257,20,,,0,53,,1258,20,,,0,84,,1252,20,,,0
38300,'Semaine-01',1243,,424,20,,,0,200,,423,20,,,0,101,,425,20,,,0,158,,426,20,,,0,98,,427,20,,,0,53,,428,20,,,0,84,,422,20,,,0
48800,'Semaine-01',1615,,907,30,,,0,11,,908,30,,,0,31,,909,30,,,0,58,,910,30,,,0,25,,911,30,,,0,18,,912,30,,,0,56,,913,30,,,0,22,,914,30,,,0
