48101,'Fête-1-01',552,,1377,20,,,1,85,,1378,20,,,1,85,,1379,20,,,1,85,,1380,20,,,1,45,,1381,20,,,1,85,,1382,20,,,1,85,,1383,20,,,1,85,,1384,20,,,1,45,,1385,20,,,1,85,,1386,20,,,1,85,,1388,20,,,1,85,,1387,20,,,1,45,,1389,20,,,1,85,,1390,20,,,1,85,,1391,20,,,1,85,,1392,20,,,1,45,,1393,20,,,1,85,,1394,20,,,1,85,,1395,20,,,1,85,,1396,20,,,1,45,,1397,20,,,1,85,,1398,20,,,1,85,,1399,20,,,1,85,,1400,20,,,1,45,,1401,20,,,1,85,,1402,20,,,1
48101,'Fête-2-01',509,,1441,20,,,1,15,,1437,20,,,1,17,,1439,20,,,1,18,,1440,20,,,1,60,,1445,20,,,1,28,,1446,20,,,1,82,,1438,20,,,1,90,,1443,20,,,1,90,,1442,20,,,1,38,,1434,20,,,1,70,,1411,20,,,1,30,,1435,20,,,1,70,,1412,20,,,1,30,,1436,20,,,1,73,,1413,20,,,1,27,,1424,20,,,1,73,,1414,20,,,1,27,,1425,20,,,1,73,,1415,20,,,1,27,,1427,20,,,1,64,,1426,20,,,1,20,,1423,20,,,1,20,,1444,20,,,1,64,,1405,20,,,1,10,,1407,20,,,1,13,,1410,20,,,1,64,,1403,20,,,1,27,,1406,20,,,1,14,,1404,20,,,1,60,,1409,20,,,1,20,,1408,20,,,1,33,,1422,20,,,1,61,,1421,20,,,1,37,,1428,20,,,1,71,,1416,20,,,1,22,,1429,20,,,1,72,,1417,20,,,1,28,,1430,20,,,1,70,,1418,20,,,1,30,,1431,20,,,1,70,,1419,20,,,1,30,,1432,20,,,1,70,,1420,20,,,1,33,,1433,20,,,1
48101,'Semaine-01',509,,771,20,,,1,15,,764,20,,,1,17,,768,20,,,1,13,,769,20,,,1,55,,776,20,,,1,10,,777,20,,,1,20,,778,20,,,1,10,,779,20,,,1,52,,1447,20,,,1,18,,770,20,,,1,10,,767,20,,,1,10,,766,20,,,1,20,,763,20,,,1,55,,1449,20,,,1,10,,774,20,,,1,20,,765,20,,,1,65,,773,20,,,1,38,,760,20,,,1,70,,737,20,,,1,30,,761,20,,,1,70,,738,20,,,1,30,,762,20,,,1,73,,739,20,,,1,27,,750,20,,,1,73,,740,20,,,1,27,,751,20,,,1,73,,741,20,,,1,27,,753,20,,,1,72,,1453,20,,,1,12,,749,20,,,1,22,,775,20,,,1,55,,728,20,,,1,15,,1454,20,,,1,10,,729,20,,,1,10,,736,20,,,1,12,,1450,20,,,1,48,,725,20,,,1,12,,731,20,,,1,8,,1448,20,,,1,12,,734,20,,,1,18,,1452,20,,,1,50,,735,20,,,1,20,,1451,20,,,1,32,,748,20,,,1,62,,747,20,,,1,37,,754,20,,,1,63,,742,20,,,1,30,,755,20,,,1,72,,743,20,,,1,28,,756,20,,,1,70,,744,20,,,1,30,,757,20,,,1,70,,745,20,,,1,30,,758,20,,,1,70,,746,20,,,1,30,,759,20,,,1
48101,'Week-end-01',552,,781,20,,,1,85,,782,20,,,1,85,,783,20,,,1,85,,784,20,,,1,45,,785,20,,,1,85,,786,20,,,1,85,,787,20,,,1,85,,788,20,,,1,45,,789,20,,,1,85,,790,20,,,1,85,,792,20,,,1,85,,791,20,,,1,45,,793,20,,,1,85,,794,20,,,1,85,,795,20,,,1,85,,796,20,,,1,45,,797,20,,,1,85,,798,20,,,1,85,,799,20,,,1,85,,800,20,,,1,45,,801,20,,,1,85,,802,20,,,1,85,,803,20,,,1,85,,804,20,,,1,45,,805,20,,,1,85,,806,20,,,1
48201,'Fête-2-01',629,,1462,90,,,1,73,,1464,90,,,1,17,,1466,90,,,1,27,,1467,90,,,1,58,,1461,90,,,1,35,,1463,90,,,1,15,,1465,90,,,1,70,,1468,90,,,1
48201,'Semaine-01',631,,828,90,,,1,23,,830,90,,,1,57,,832,90,,,1,38,,833,90,,,1,55,,827,90,,,1,31,,829,90,,,1,19,,831,90,,,1,65,,834,90,,,1
48501,'Semaine-01',557,,869,260,,,0,55,,870,260,,,0,15,,866,260,,,0,15,,864,260,,,0,15,,865,260,,,0,55,,867,260,,,0,14,,868,260,,,0,17,,863,260,,,0,15,,861,260,,,0,69,,862,260,,,0
48801,'Semaine-01',602,,919,210,,,0,20,,920,210,,,0,21,,921,210,,,0,60,,922,210,,,0,20,,917,210,,,0,20,,918,210,,,0,60,,916,210,,,0,20,,915,210,,,0
68501,'Fête-2-01',706,,1555,140,,,0,100,,1556,140,,,0,208,,1557,140,,,0,203,,1554,140,,,0
68501,'Semaine-01',706,,1042,140,,,0,5,,1558,20,,,0,95,,1043,140,,,0,208,,1044,140,,,0,203,,1041,140,,,0
