10400,'Fête-1-01',605,,1045,80,,,1,130,,1046,80,,,1,170,,1047,80,,,1,130,,1048,80,,,1,170,,1049,80,,,1,130,,1050,80,,,1,170,,1051,80,,,1,130,,1052,80,,,1,170,,1053,80,,,1,130,,1054,80,,,1,170,,1055,80,,,1,130,,1056,80,,,1,170,,1057,80,,,1,130,,1058,80,,,1
10400,'Fête-2-01',913,,1077,80,,,1,30,,1064,80,,,1,70,,1078,80,,,1,30,,1065,80,,,1,70,,1079,80,,,1,30,,1066,80,,,1,70,,1080,80,,,1,30,,1067,80,,,1,70,,1081,80,,,1,30,,1068,80,,,1,70,,1082,80,,,1,30,,1069,80,,,1,70,,1070,80,,,1,425,,1083,80,,,1,71,,1059,80,,,1,29,,1071,80,,,1,70,,1060,80,,,1,30,,1072,80,,,1,70,,1061,80,,,1,30,,1073,80,,,1,70,,1062,80,,,1,30,,1074,80,,,1,70,,1063,80,,,1,30,,1075,80,,,1,93,,1076,80,,,1
10400,'Semaine-01',913,,58,80,,,1,30,,45,80,,,1,70,,59,80,,,1,30,,46,80,,,1,70,,60,80,,,1,30,,47,80,,,1,70,,61,80,,,1,30,,48,80,,,1,70,,62,80,,,1,30,,49,80,,,1,70,,63,80,,,1,30,,50,80,,,1,70,,51,80,,,1,425,,64,80,,,1,71,,40,80,,,1,29,,52,80,,,1,70,,41,80,,,1,30,,53,80,,,1,70,,42,80,,,1,30,,54,80,,,1,70,,43,80,,,1,30,,55,80,,,1,70,,44,80,,,1,30,,56,80,,,1,93,,57,80,,,1
10400,'Week-end-01',605,,65,80,,,1,130,,66,80,,,1,170,,67,80,,,1,130,,68,80,,,1,170,,69,80,,,1,130,,70,80,,,1,170,,71,80,,,1,130,,72,80,,,1,170,,73,80,,,1,130,,74,80,,,1,170,,75,80,,,1,130,,76,80,,,1,170,,77,80,,,1,130,,78,80,,,1
10901,'Fête-2-01',604,,1218,80,,,0,30,,1219,80,,,0,70,,1220,80,,,0,25,,1221,80,,,0
10901,'Semaine-01',604,,351,80,,,0,30,,352,80,,,0,70,,353,80,,,0,25,,354,80,,,0
38300,'Fête-2-01',1246,,1254,80,,,0,200,,1253,80,,,0,101,,1255,80,,,0,158,,1256,80,,,0,98,,1257,80,,,0,53,,1258,80,,,0,84,,1252,80,,,0
38300,'Semaine-01',1246,,424,80,,,0,200,,423,80,,,0,101,,425,80,,,0,158,,426,80,,,0,98,,427,80,,,0,53,,428,80,,,0,84,,422,80,,,0
48800,'Semaine-01',1620,,907,90,,,0,11,,908,90,,,0,71,,909,90,,,0,18,,910,90,,,0,24,,911,90,,,0,58,,912,90,,,0,16,,913,90,,,0,22,,914,90,,,0
48801,'Semaine-01',544,,919,20,,,0,60,,920,20,,,0,20,,921,20,,,0,20,,922,20,,,0,60,,917,20,,,0,20,,918,20,,,0,20,,916,20,,,0,60,,915,20,,,0
68001,'Fête-1-01',724,,1510,70,,,0,130,,1503,70,,,0,170,,1504,70,,,0,130,,1505,70,,,0,170,,1506,70,,,0,130,,1507,70,,,0,170,,1508,70,,,0,130,,1509,70,,,0
68001,'Week-end-01',724,,954,70,,,0,130,,947,70,,,0,170,,948,70,,,0,130,,949,70,,,0,170,,950,70,,,0,130,,951,70,,,0,170,,952,70,,,0,130,,953,70,,,0
68101,'Fête-2-01',603,,1542,170,,,0,47,,1540,170,,,0,83,,1543,170,,,0,71,,1529,70,,,0,29,,1544,170,,,0,79,,1532,170,,,0,100,,1533,70,,,0,100,,1534,70,,,0,106,,1535,70,,,0,96,,1536,70,,,0,106,,1530,70,,,0,93,,1531,70,,,0,115,,1546,70,,,0,90,,1547,170,,,0,95,,1539,70,,,0,106,,1541,70,,,0,109,,1545,70,,,0,87,,1538,70,,,0,103,,1537,70,,,0
68101,'Semaine-01',603,,1024,170,,,0,47,,1022,170,,,0,55,,1548,70,,,0,28,,1549,170,,,0,71,,1010,70,,,0,29,,1550,170,,,0,79,,1014,170,,,0,100,,1015,70,,,0,100,,1016,70,,,0,106,,1017,70,,,0,96,,1018,70,,,0,106,,1012,70,,,0,93,,1013,70,,,0,115,,1028,70,,,0,90,,1029,170,,,0,95,,1021,70,,,0,106,,1023,70,,,0,109,,1027,70,,,0,87,,1020,70,,,0,103,,1019,70,,,0
68500,'Fête-2-01',1338,,1553,170,,,0,363,,1551,170,,,0,150,,1552,170,,,0
68500,'Semaine-01',1338,,1035,170,,,0,363,,1033,170,,,0,150,,1034,170,,,0
