10500,'Fête-1-01',736,,1085,20,,,0,170,,1086,20,,,0,130,,1087,20,,,0,170,,1088,20,,,0,130,,1089,20,,,0,170,,1090,20,,,0,130,,1091,20,,,0,170,,1092,20,,,0,130,,1093,20,,,0,170,,1094,20,,,0,130,,1095,20,,,0,170,,1096,20,,,0,40,,1097,20,,,0
10500,'Fête-2-01',547,,1111,20,,,0,70,,1112,20,,,0,30,,1113,20,,,0,59,,1114,20,,,0,40,,1115,20,,,0,155,,1099,20,,,0,58,,1100,20,,,0,148,,1101,20,,,0,94,,1102,20,,,0,106,,1103,20,,,0,94,,1104,20,,,0,106,,1105,20,,,0,115,,1125,20,,,0,18,,1120,20,,,0,61,,1121,20,,,0,43,,1116,20,,,0,57,,1117,20,,,0,20,,1118,20,,,0,94,,1119,20,,,0,86,,1106,20,,,0,103,,1107,20,,,0,101,,1108,20,,,0,99,,1109,20,,,0,100,,1110,20,,,0,54,,1098,20,,,0
10500,'Semaine-01',547,,134,20,,,0,70,,135,20,,,0,30,,136,20,,,0,59,,137,20,,,0,40,,138,20,,,0,155,,122,20,,,0,58,,123,20,,,0,148,,124,20,,,0,94,,125,20,,,0,106,,126,20,,,0,94,,127,20,,,0,106,,128,20,,,0,115,,148,20,,,0,18,,143,20,,,0,61,,144,20,,,0,43,,139,20,,,0,57,,140,20,,,0,20,,141,20,,,0,94,,142,20,,,0,86,,129,20,,,0,103,,130,20,,,0,101,,131,20,,,0,99,,132,20,,,0,100,,133,20,,,0,54,,121,20,,,0
10500,'Week-end-01',736,,150,20,,,0,170,,151,20,,,0,130,,152,20,,,0,170,,153,20,,,0,130,,154,20,,,0,170,,155,20,,,0,130,,156,20,,,0,170,,157,20,,,0,130,,158,20,,,0,170,,159,20,,,0,130,,160,20,,,0,170,,161,20,,,0,40,,162,20,,,0
10601,'Fête-2-01',1531,,1149,20,,,0,20,,1144,20,,,0,60,,1145,20,,,0,20,,1146,20,,,0,20,,1147,20,,,0,60,,1140,20,,,0,20,,1138,20,,,0,20,,1139,20,,,0,60,,1142,20,,,0,20,,1141,20,,,0,20,,1143,20,,,0,63,,1148,20,,,0
10601,'Semaine-01',1531,,210,20,,,0,20,,205,20,,,0,60,,206,20,,,0,20,,207,20,,,0,20,,208,20,,,0,60,,201,20,,,0,20,,199,20,,,0,20,,200,20,,,0,60,,203,20,,,0,20,,202,20,,,0,20,,204,20,,,0,63,,209,20,,,0
10800,'Fête-2-01',1550,,1198,20,,,0,60,,1205,20,,,0,30,,1200,20,,,0,70,,1206,20,,,0,30,,1201,20,,,0,60,,1199,20,,,0,21,,1202,20,,,0,25,,1203,20,,,0,69,,1204,20,,,0
10800,'Semaine-01',1550,,316,20,,,0,60,,323,20,,,0,30,,318,20,,,0,70,,324,20,,,0,30,,319,20,,,0,60,,317,20,,,0,21,,320,20,,,0,25,,321,20,,,0,69,,322,20,,,0
38500,'Fête-2-01',500,,1276,20,,,0,39,,1277,20,,,0,63,,1278,20,,,0,34,,1279,20,,,0,64,,1280,20,,,0,39,,1281,20,,,0
38500,'Semaine-01',500,,469,20,,,0,39,,470,20,,,0,63,,471,20,,,0,34,,472,20,,,0,64,,473,20,,,0,39,,474,20,,,0
48200,'Fête-2-01',1618,,1457,40,,,1,26,,1460,40,,,1,64,,1459,40,,,1,37,,1455,40,,,1,63,,1456,40,,,1,32,,1458,40,,,1
48200,'Semaine-01',1611,,815,40,,,1,31,,818,40,,,1,70,,817,40,,,1,30,,813,40,,,1,68,,814,40,,,1,25,,816,40,,,1
68100,'Fête-2-01',545,,1516,140,,,0,302,,1521,240,,,0,772,,1513,310,,,0,110,,1526,240,,,0,90,,1523,240,,,0,94,,1512,310,,,0
68100,'Semaine-01',545,,978,140,,,0,302,,983,240,,,0,772,,975,310,,,0,110,,988,240,,,0,90,,985,240,,,0,94,,974,310,,,0
