10601,'Fête-2-01',1547,,1149,240,,,0,60,,1144,240,,,0,20,,1145,240,,,0,20,,1146,240,,,0,60,,1147,240,,,0,20,,1140,240,,,0,20,,1138,240,,,0,60,,1139,240,,,0,20,,1142,240,,,0,20,,1141,240,,,0,60,,1143,240,,,0,22,,1148,240,,,0
10601,'Semaine-01',1547,,210,240,,,0,60,,205,240,,,0,20,,206,240,,,0,20,,207,240,,,0,60,,208,240,,,0,20,,201,240,,,0,20,,199,240,,,0,60,,200,240,,,0,20,,203,240,,,0,20,,202,240,,,0,60,,204,240,,,0,22,,209,240,,,0
10700,'Fête-2-01',501,,1161,180,,,0,27,,1157,180,,,0,20,,1158,180,,,0,60,,1159,180,,,0,20,,1160,180,,,0,20,,1156,180,,,0,60,,1150,180,,,0,20,,1151,180,,,0,20,,1153,180,,,0,60,,1155,180,,,0,20,,1154,180,,,0,24,,1152,180,,,0
10700,'Semaine-01',501,,234,180,,,0,27,,230,180,,,0,20,,231,180,,,0,60,,232,180,,,0,20,,233,180,,,0,20,,229,180,,,0,60,,223,180,,,0,20,,224,180,,,0,20,,226,180,,,0,60,,228,180,,,0,20,,227,180,,,0,24,,225,180,,,0
10900,'Fête-2-01',1148,,1213,150,4,,0,200,,1214,150,4,,0,169,,1215,150,4,,0,135,,1216,150,4,,0,149,,1217,150,4,,0
10900,'Semaine-01',1148,,342,150,4,,0,200,,343,150,4,,0,169,,344,150,4,,0,135,,345,150,4,,0,149,,346,150,4,,0
38301,'Fête-2-01',610,,1261,200,,,0,100,,1262,200,,,0,32,,1260,200,,,0,71,,1259,200,,,0,28,,1263,200,,,0,80,,1264,200,,,0,99,,1265,200,,,0
38301,'Semaine-01',610,,438,200,,,0,100,,439,200,,,0,32,,437,200,,,0,71,,436,200,,,0,28,,440,200,,,0,80,,441,200,,,0,99,,442,200,,,0
48801,'Semaine-01',559,,919,180,,,0,60,,920,180,,,0,20,,921,180,,,0,20,,922,180,,,0,60,,917,180,,,0,20,,918,180,,,0,20,,916,180,,,0,60,,915,180,,,0
68000,'Fête-1-01',853,,1495,220,,,0,166,,1496,220,,,0,135,,1497,220,,,0,168,,1498,220,,,0,130,,1499,220,,,0,170,,1500,220,,,0,128,,1501,220,,,0,167,,1502,220,,,0
68000,'Week-end-01',853,,931,220,,,0,166,,932,220,,,0,135,,933,220,,,0,168,,934,220,,,0,130,,935,220,,,0,170,,936,220,,,0,128,,937,220,,,0,167,,938,220,,,0
68100,'Fête-2-01',541,,1516,100,,,0,198,,1515,200,,,0,102,,1521,200,,,0,105,,1522,200,,,0,111,,1511,270,,,0,94,,1517,200,,,0,105,,1518,270,,,0,95,,1519,200,,,0,105,,1520,270,,,0,156,,1513,270,,,0,108,,1526,200,,,0,91,,1523,200,,,0,95,,1512,270,,,0,44,,1527,250,,,0,103,,1528,270,,,0,101,,1514,250,,,0,100,,1524,270,,,0,101,,1525,270,,,0
68100,'Semaine-01',541,,978,100,,,0,198,,977,200,,,0,102,,983,200,,,0,105,,984,200,,,0,111,,973,270,,,0,94,,979,200,,,0,105,,980,270,,,0,95,,981,200,,,0,105,,982,270,,,0,156,,975,270,,,0,108,,988,200,,,0,91,,985,200,,,0,95,,974,270,,,0,44,,989,250,,,0,103,,990,270,,,0,101,,976,250,,,0,100,,986,270,,,0,101,,987,270,,,0
68501,'Fête-2-01',701,,1555,100,,,0,100,,1556,100,,,0,208,,1557,100,,,0,203,,1554,100,,,0
68501,'Semaine-01',701,,1042,100,,,0,100,,1043,100,,,0,208,,1044,100,,,0,203,,1041,100,,,0
