10500,'Fête-1-01',654,,1084,310,0,5,0,170,,1085,610,,,0,130,,1086,610,,,0,170,,1087,610,,,0,130,,1088,610,,,0,170,,1089,610,,,0,130,,1090,610,,,0,170,,1091,610,,,0,130,,1092,610,,,0,170,,1093,610,,,0,130,,1094,610,,,0,170,,1095,610,,,0,130,,1096,610,,,0
10500,'Fête-2-01',520,,1122,310,0,5,0,35,,1123,310,0,5,0,70,,1124,310,0,5,0,13,,1111,610,,,0,70,,1112,610,,,0,30,,1113,610,,,0,19,,1114,610,,,0,80,,1115,610,,,0,112,,1099,610,,,0,98,,1100,610,,,0,108,,1101,610,,,0,94,,1102,610,,,0,106,,1103,610,,,0,94,,1104,610,,,0,152,,1105,610,,,0,115,,1125,610,,,0,18,,1120,610,,,0,20,,1121,610,,,0,83,,1116,610,,,0,17,,1117,610,,,0,57,,1118,610,,,0,92,,1119,610,,,0,46,,1106,610,,,0,103,,1107,610,,,0,101,,1108,610,,,0,99,,1109,610,,,0
10500,'Semaine-01',520,,145,310,0,5,0,35,,146,310,0,5,0,70,,147,310,0,5,0,13,,134,610,,,0,70,,135,610,,,0,30,,136,610,,,0,19,,137,610,,,0,80,,138,610,,,0,112,,122,610,,,0,98,,123,610,,,0,108,,124,610,,,0,94,,125,610,,,0,106,,126,610,,,0,94,,127,610,,,0,152,,128,610,,,0,115,,148,610,,,0,18,,143,610,,,0,20,,144,610,,,0,83,,139,610,,,0,17,,140,610,,,0,57,,141,610,,,0,92,,142,610,,,0,46,,129,610,,,0,103,,130,610,,,0,101,,131,610,,,0,99,,132,610,,,0
10500,'Week-end-01',654,,149,310,0,5,0,170,,150,610,,,0,130,,151,610,,,0,170,,152,610,,,0,130,,153,610,,,0,170,,154,610,,,0,130,,155,610,,,0,170,,156,610,,,0,130,,157,610,,,0,170,,158,610,,,0,130,,159,610,,,0,170,,160,610,,,0,130,,161,610,,,0
38600,'Fête-2-01',1517,,1287,140,4,,0,107,,1288,140,4,,0,91,,1289,140,4,,0
38600,'Semaine-01',1517,,488,140,4,,0,107,,489,140,4,,0,91,,490,140,4,,0
38601,'Fête-2-01',508,,1290,10,,,0,100,,1291,10,,,0,100,,1292,10,,,0
38601,'Semaine-01',508,,494,10,,,0,100,,495,10,,,0,100,,496,10,,,0
48600,'Fête-2-01',1622,,1477,70,,,0,100,,1478,70,,,0
48600,'Semaine-01',1622,,873,70,,,0,96,,874,70,,,0
