10400,'Fête-1-01',605,,1045,70,,,1,130,,1046,70,,,1,170,,1047,70,,,1,130,,1048,70,,,1,170,,1049,70,,,1,130,,1050,70,,,1,170,,1051,70,,,1,130,,1052,70,,,1,170,,1053,70,,,1,130,,1054,70,,,1,170,,1055,70,,,1,130,,1056,70,,,1,170,,1057,70,,,1,130,,1058,70,,,1
10400,'Fête-2-01',913,,1077,70,,,1,30,,1064,70,,,1,70,,1078,70,,,1,30,,1065,70,,,1,70,,1079,70,,,1,30,,1066,70,,,1,70,,1080,70,,,1,30,,1067,70,,,1,70,,1081,70,,,1,30,,1068,70,,,1,70,,1082,70,,,1,30,,1069,70,,,1,70,,1070,70,,,1,425,,1083,70,,,1,71,,1059,70,,,1,29,,1071,70,,,1,70,,1060,70,,,1,30,,1072,70,,,1,70,,1061,70,,,1,30,,1073,70,,,1,70,,1062,70,,,1,30,,1074,70,,,1,70,,1063,70,,,1,30,,1075,70,,,1,93,,1076,70,,,1
10400,'Semaine-01',913,,58,70,,,1,30,,45,70,,,1,70,,59,70,,,1,30,,46,70,,,1,70,,60,70,,,1,30,,47,70,,,1,70,,61,70,,,1,30,,48,70,,,1,70,,62,70,,,1,30,,49,70,,,1,70,,63,70,,,1,30,,50,70,,,1,70,,51,70,,,1,425,,64,70,,,1,71,,40,70,,,1,29,,52,70,,,1,70,,41,70,,,1,30,,53,70,,,1,70,,42,70,,,1,30,,54,70,,,1,70,,43,70,,,1,30,,55,70,,,1,70,,44,70,,,1,30,,56,70,,,1,93,,57,70,,,1
10400,'Week-end-01',605,,65,70,,,1,130,,66,70,,,1,170,,67,70,,,1,130,,68,70,,,1,170,,69,70,,,1,130,,70,70,,,1,170,,71,70,,,1,130,,72,70,,,1,170,,73,70,,,1,130,,74,70,,,1,170,,75,70,,,1,130,,76,70,,,1,170,,77,70,,,1,130,,78,70,,,1
10600,'Fête-2-01',459,,1137,70,,,0,60,,1133,70,,,0,20,,1134,70,,,0,20,,1135,70,,,0,60,,1130,70,,,0,20,,1132,70,,,0,20,,1131,70,,,0,60,,1128,70,,,0,20,,1129,70,,,0,20,,1126,70,,,0,60,,1127,70,,,0,20,,1136,70,,,0
10600,'Semaine-01',459,,186,70,,,0,60,,182,70,,,0,20,,183,70,,,0,20,,184,70,,,0,60,,179,70,,,0,20,,181,70,,,0,20,,180,70,,,0,60,,177,70,,,0,20,,178,70,,,0,20,,175,70,,,0,60,,176,70,,,0,20,,185,70,,,0
10901,'Fête-2-01',604,,1218,70,,,0,30,,1219,70,,,0,70,,1220,70,,,0,25,,1221,70,,,0
10901,'Semaine-01',604,,351,70,,,0,30,,352,70,,,0,70,,353,70,,,0,25,,354,70,,,0
38300,'Fête-2-01',1246,,1254,70,,,0,200,,1253,70,,,0,101,,1255,70,,,0,158,,1256,70,,,0,98,,1257,70,,,0,53,,1258,70,,,0,84,,1252,70,,,0
38300,'Semaine-01',1246,,424,70,,,0,200,,423,70,,,0,101,,425,70,,,0,158,,426,70,,,0,98,,427,70,,,0,53,,428,70,,,0,84,,422,70,,,0
48800,'Semaine-01',1620,,907,80,,,0,11,,908,80,,,0,71,,909,80,,,0,18,,910,80,,,0,24,,911,80,,,0,58,,912,80,,,0,16,,913,80,,,0,22,,914,80,,,0
48801,'Semaine-01',544,,919,10,,,0,60,,920,10,,,0,20,,921,10,,,0,20,,922,10,,,0,60,,917,10,,,0,20,,918,10,,,0,20,,916,10,,,0,60,,915,10,,,0
68001,'Fête-1-01',724,,1510,60,,,0,130,,1503,60,,,0,170,,1504,60,,,0,130,,1505,60,,,0,170,,1506,60,,,0,130,,1507,60,,,0,170,,1508,60,,,0,130,,1509,60,,,0
68001,'Week-end-01',724,,954,60,,,0,130,,947,60,,,0,170,,948,60,,,0,130,,949,60,,,0,170,,950,60,,,0,130,,951,60,,,0,170,,952,60,,,0,130,,953,60,,,0
68101,'Fête-2-01',603,,1542,160,,,0,47,,1540,160,,,0,83,,1543,160,,,0,71,,1529,60,,,0,29,,1544,160,,,0,79,,1532,160,,,0,100,,1533,60,,,0,100,,1534,60,,,0,106,,1535,60,,,0,96,,1536,60,,,0,106,,1530,60,,,0,93,,1531,60,,,0,115,,1546,60,,,0,90,,1547,160,,,0,95,,1539,60,,,0,106,,1541,60,,,0,109,,1545,60,,,0,87,,1538,60,,,0,103,,1537,60,,,0
68101,'Semaine-01',603,,1024,160,,,0,47,,1022,160,,,0,55,,1548,60,,,0,28,,1549,160,,,0,71,,1010,60,,,0,29,,1550,160,,,0,79,,1014,160,,,0,100,,1015,60,,,0,100,,1016,60,,,0,106,,1017,60,,,0,96,,1018,60,,,0,106,,1012,60,,,0,93,,1013,60,,,0,115,,1028,60,,,0,90,,1029,160,,,0,95,,1021,60,,,0,106,,1023,60,,,0,109,,1027,60,,,0,87,,1020,60,,,0,103,,1019,60,,,0
68500,'Fête-2-01',1338,,1553,160,,,0,363,,1551,160,,,0,150,,1552,160,,,0
68500,'Semaine-01',1338,,1035,160,,,0,363,,1033,160,,,0,150,,1034,160,,,0
