10500,'Fête-1-01',708,,1084,530,0,5,0,130,,1085,830,,,0,170,,1086,830,,,0,130,,1087,830,,,0,170,,1088,830,,,0,130,,1089,830,,,0,170,,1090,830,,,0,130,,1091,830,,,0,170,,1092,830,,,0,130,,1093,830,,,0,170,,1094,830,,,0,130,,1095,830,,,0,170,,1096,830,,,0
10500,'Fête-2-01',534,,1122,530,0,5,0,75,,1123,530,0,5,0,30,,1124,530,0,5,0,13,,1111,830,,,0,70,,1112,830,,,0,30,,1113,830,,,0,59,,1114,830,,,0,40,,1115,830,,,0,152,,1099,830,,,0,98,,1100,830,,,0,108,,1101,830,,,0,94,,1102,830,,,0,106,,1103,830,,,0,94,,1104,830,,,0,115,,1105,830,,,0,115,,1125,830,,,0,18,,1120,830,,,0,60,,1121,830,,,0,43,,1116,830,,,0,54,,1117,830,,,0,17,,1118,830,,,0,92,,1119,830,,,0,86,,1106,830,,,0,103,,1107,830,,,0,101,,1108,830,,,0,99,,1109,830,,,0
10500,'Semaine-01',534,,145,530,0,5,0,75,,146,530,0,5,0,30,,147,530,0,5,0,13,,134,830,,,0,70,,135,830,,,0,30,,136,830,,,0,59,,137,830,,,0,40,,138,830,,,0,152,,122,830,,,0,98,,123,830,,,0,108,,124,830,,,0,94,,125,830,,,0,106,,126,830,,,0,94,,127,830,,,0,115,,128,830,,,0,115,,148,830,,,0,18,,143,830,,,0,60,,144,830,,,0,43,,139,830,,,0,54,,140,830,,,0,17,,141,830,,,0,92,,142,830,,,0,86,,129,830,,,0,103,,130,830,,,0,101,,131,830,,,0,99,,132,830,,,0
10500,'Week-end-01',708,,149,530,0,5,0,130,,150,830,,,0,170,,151,830,,,0,130,,152,830,,,0,170,,153,830,,,0,130,,154,830,,,0,170,,155,830,,,0,130,,156,830,,,0,170,,157,830,,,0,130,,158,830,,,0,170,,159,830,,,0,130,,160,830,,,0,170,,161,830,,,0
10801,'Fête-2-01',547,,1208,170,4,,0,75,,1209,170,4,,0,32,,1210,170,4,,0,58,,1211,170,4,,0,40,,1207,170,4,,0,65,,1212,170,4,,0
10801,'Semaine-01',547,,332,170,4,,0,75,,333,170,4,,0,32,,334,170,4,,0,58,,335,170,4,,0,40,,331,170,4,,0,65,,336,170,4,,0
38501,'Fête-2-01',1511,,1282,170,,,0,32,,1283,170,,,0,71,,1284,170,,,0,30,,1285,170,,,0,70,,1286,170,,,0
38501,'Semaine-01',1511,,480,170,,,0,32,,481,170,,,0,71,,482,170,,,0,30,,483,170,,,0,70,,484,170,,,0
48201,'Fête-2-01',625,,1462,70,,,1,33,,1464,70,,,1,57,,1466,70,,,1,27,,1467,70,,,1,58,,1461,70,,,1,35,,1463,70,,,1,15,,1465,70,,,1,70,,1468,70,,,1
48201,'Semaine-01',627,,828,70,,,1,23,,830,70,,,1,57,,832,70,,,1,38,,833,70,,,1,55,,827,70,,,1,31,,829,70,,,1,19,,831,70,,,1,65,,834,70,,,1
68101,'Fête-2-01',557,,1542,100,,,0,86,,1540,100,,,0,83,,1543,100,,,0,100,,1544,100,,,0,80,,1532,100,,,0,805,,1547,100,,,0
68101,'Semaine-01',557,,1024,100,,,0,86,,1022,100,,,0,83,,1549,100,,,0,100,,1550,100,,,0,80,,1014,100,,,0,805,,1029,100,,,0
