10400,'Fête-1-01',617,,1045,220,,,1,130,,1046,220,,,1,170,,1047,220,,,1,130,,1048,220,,,1,170,,1049,220,,,1,130,,1050,220,,,1,170,,1051,220,,,1,130,,1052,220,,,1,170,,1053,220,,,1,130,,1054,220,,,1,170,,1055,220,,,1,130,,1056,220,,,1,170,,1057,220,,,1,130,,1058,220,,,1
10400,'Fête-2-01',925,,1077,220,,,1,30,,1064,220,,,1,70,,1078,220,,,1,30,,1065,220,,,1,70,,1079,220,,,1,30,,1066,220,,,1,70,,1080,220,,,1,30,,1067,220,,,1,70,,1081,220,,,1,30,,1068,220,,,1,70,,1082,220,,,1,30,,1069,220,,,1,71,,1070,220,,,1,424,,1083,220,,,1,71,,1059,220,,,1,29,,1071,220,,,1,70,,1060,220,,,1,30,,1072,220,,,1,70,,1061,220,,,1,30,,1073,220,,,1,70,,1062,220,,,1,30,,1074,220,,,1,70,,1063,220,,,1,30,,1075,220,,,1,93,,1076,220,,,1
10400,'Semaine-01',925,,58,220,,,1,30,,45,220,,,1,70,,59,220,,,1,30,,46,220,,,1,70,,60,220,,,1,30,,47,220,,,1,70,,61,220,,,1,30,,48,220,,,1,70,,62,220,,,1,30,,49,220,,,1,70,,63,220,,,1,30,,50,220,,,1,71,,51,220,,,1,424,,64,220,,,1,71,,40,220,,,1,29,,52,220,,,1,70,,41,220,,,1,30,,53,220,,,1,70,,42,220,,,1,30,,54,220,,,1,70,,43,220,,,1,30,,55,220,,,1,70,,44,220,,,1,30,,56,220,,,1,93,,57,220,,,1
10400,'Week-end-01',617,,65,220,,,1,130,,66,220,,,1,170,,67,220,,,1,130,,68,220,,,1,170,,69,220,,,1,130,,70,220,,,1,170,,71,220,,,1,130,,72,220,,,1,170,,73,220,,,1,130,,74,220,,,1,170,,75,220,,,1,130,,76,220,,,1,170,,77,220,,,1,130,,78,220,,,1
10500,'Fête-1-01',704,,1084,480,0,5,0,130,,1085,780,,,0,170,,1086,780,,,0,130,,1087,780,,,0,170,,1088,780,,,0,130,,1089,780,,,0,170,,1090,780,,,0,130,,1091,780,,,0,170,,1092,780,,,0,130,,1093,780,,,0,170,,1094,780,,,0,130,,1095,780,,,0,170,,1096,780,,,0
10500,'Fête-2-01',530,,1122,480,0,5,0,75,,1123,480,0,5,0,30,,1124,480,0,5,0,13,,1111,780,,,0,70,,1112,780,,,0,30,,1113,780,,,0,59,,1114,780,,,0,40,,1115,780,,,0,112,,1099,780,,,0,98,,1100,780,,,0,148,,1101,780,,,0,54,,1102,780,,,0,146,,1103,780,,,0,54,,1104,780,,,0,155,,1105,780,,,0,115,,1125,780,,,0,18,,1120,780,,,0,60,,1121,780,,,0,43,,1116,780,,,0,54,,1117,780,,,0,17,,1118,780,,,0,92,,1119,780,,,0,46,,1106,780,,,0,143,,1107,780,,,0,101,,1108,780,,,0,99,,1109,780,,,0
10500,'Semaine-01',530,,145,480,0,5,0,75,,146,480,0,5,0,30,,147,480,0,5,0,13,,134,780,,,0,70,,135,780,,,0,30,,136,780,,,0,59,,137,780,,,0,40,,138,780,,,0,112,,122,780,,,0,98,,123,780,,,0,148,,124,780,,,0,54,,125,780,,,0,146,,126,780,,,0,54,,127,780,,,0,155,,128,780,,,0,115,,148,780,,,0,18,,143,780,,,0,60,,144,780,,,0,43,,139,780,,,0,54,,140,780,,,0,17,,141,780,,,0,92,,142,780,,,0,46,,129,780,,,0,143,,130,780,,,0,101,,131,780,,,0,99,,132,780,,,0
10500,'Week-end-01',704,,149,480,0,5,0,130,,150,780,,,0,170,,151,780,,,0,130,,152,780,,,0,170,,153,780,,,0,130,,154,780,,,0,170,,155,780,,,0,130,,156,780,,,0,170,,157,780,,,0,130,,158,780,,,0,170,,159,780,,,0,130,,160,780,,,0,170,,161,780,,,0
10600,'Fête-2-01',504,,1137,130,,,0,20,,1133,130,,,0,20,,1134,130,,,0,60,,1135,130,,,0,20,,1130,130,,,0,20,,1132,130,,,0,60,,1131,130,,,0,20,,1128,130,,,0,20,,1129,130,,,0,60,,1126,130,,,0,20,,1127,130,,,0,20,,1136,130,,,0
10600,'Semaine-01',504,,186,130,,,0,20,,182,130,,,0,20,,183,130,,,0,60,,184,130,,,0,20,,179,130,,,0,20,,181,130,,,0,60,,180,130,,,0,20,,177,130,,,0,20,,178,130,,,0,60,,175,130,,,0,20,,176,130,,,0,20,,185,130,,,0
10801,'Fête-2-01',545,,1208,120,4,,0,75,,1209,120,4,,0,32,,1210,120,4,,0,58,,1211,120,4,,0,40,,1207,120,4,,0,65,,1212,120,4,,0
10801,'Semaine-01',545,,332,120,4,,0,75,,333,120,4,,0,32,,334,120,4,,0,58,,335,120,4,,0,40,,331,120,4,,0,65,,336,120,4,,0
48501,'Semaine-01',545,,869,100,,,0,55,,870,100,,,0,15,,866,100,,,0,15,,864,100,,,0,15,,865,100,,,0,55,,867,100,,,0,14,,868,100,,,0,17,,863,100,,,0,15,,861,100,,,0,69,,862,100,,,0
