10400,'Fête-1-01',602,,1045,30,,,1,130,,1046,30,,,1,170,,1047,30,,,1,130,,1048,30,,,1,170,,1049,30,,,1,130,,1050,30,,,1,170,,1051,30,,,1,130,,1052,30,,,1,170,,1053,30,,,1,130,,1054,30,,,1,170,,1055,30,,,1,130,,1056,30,,,1,170,,1057,30,,,1,130,,1058,30,,,1
10400,'Fête-2-01',910,,1077,30,,,1,30,,1064,30,,,1,70,,1078,30,,,1,30,,1065,30,,,1,70,,1079,30,,,1,30,,1066,30,,,1,70,,1080,30,,,1,30,,1067,30,,,1,70,,1081,30,,,1,30,,1068,30,,,1,70,,1082,30,,,1,30,,1069,30,,,1,70,,1070,30,,,1,425,,1083,30,,,1,71,,1059,30,,,1,29,,1071,30,,,1,70,,1060,30,,,1,30,,1072,30,,,1,70,,1061,30,,,1,30,,1073,30,,,1,70,,1062,30,,,1,30,,1074,30,,,1,70,,1063,30,,,1,30,,1075,30,,,1,93,,1076,30,,,1
10400,'Semaine-01',910,,58,30,,,1,30,,45,30,,,1,70,,59,30,,,1,30,,46,30,,,1,70,,60,30,,,1,30,,47,30,,,1,70,,61,30,,,1,30,,48,30,,,1,70,,62,30,,,1,30,,49,30,,,1,70,,63,30,,,1,30,,50,30,,,1,70,,51,30,,,1,425,,64,30,,,1,71,,40,30,,,1,29,,52,30,,,1,70,,41,30,,,1,30,,53,30,,,1,70,,42,30,,,1,30,,54,30,,,1,70,,43,30,,,1,30,,55,30,,,1,70,,44,30,,,1,30,,56,30,,,1,93,,57,30,,,1
10400,'Week-end-01',602,,65,30,,,1,130,,66,30,,,1,170,,67,30,,,1,130,,68,30,,,1,170,,69,30,,,1,130,,70,30,,,1,170,,71,30,,,1,130,,72,30,,,1,170,,73,30,,,1,130,,74,30,,,1,170,,75,30,,,1,130,,76,30,,,1,170,,77,30,,,1,130,,78,30,,,1
10600,'Fête-2-01',455,,1137,30,,,0,60,,1133,30,,,0,20,,1134,30,,,0,20,,1135,30,,,0,60,,1130,30,,,0,20,,1132,30,,,0,20,,1131,30,,,0,60,,1128,30,,,0,20,,1129,30,,,0,20,,1126,30,,,0,60,,1127,30,,,0,20,,1136,30,,,0
10600,'Semaine-01',455,,186,30,,,0,60,,182,30,,,0,20,,183,30,,,0,20,,184,30,,,0,60,,179,30,,,0,20,,181,30,,,0,20,,180,30,,,0,60,,177,30,,,0,20,,178,30,,,0,20,,175,30,,,0,60,,176,30,,,0,20,,185,30,,,0
10701,'Fête-1-01',531,,1174,20,,,0,125,,1162,20,,,0,170,,1163,20,,,0,130,,1164,20,,,0,170,,1165,20,,,0,130,,1166,20,,,0,170,,1167,20,,,0,130,,1168,20,,,0,170,,1169,20,,,0,130,,1170,20,,,0,170,,1171,20,,,0,130,,1172,20,,,0,170,,1173,20,,,0
10701,'Fête-2-01',928,,1188,20,,,0,100,,1189,20,,,0,100,,1190,20,,,0,100,,1191,20,,,0,100,,1185,20,,,0,100,,1186,20,,,0,105,,1197,20,,,0,20,,1175,20,,,0,60,,1176,20,,,0,20,,1177,20,,,0,20,,1178,20,,,0,60,,1179,20,,,0,20,,1180,20,,,0,20,,1181,20,,,0,60,,1182,20,,,0,20,,1183,20,,,0,20,,1184,20,,,0,82,,1192,20,,,0,93,,1193,20,,,0,100,,1194,20,,,0,100,,1195,20,,,0,100,,1196,20,,,0,100,,1187,20,,,0
10701,'Semaine-01',928,,284,20,,,0,100,,285,20,,,0,100,,286,20,,,0,100,,287,20,,,0,100,,281,20,,,0,100,,282,20,,,0,105,,293,20,,,0,20,,271,20,,,0,60,,272,20,,,0,20,,273,20,,,0,20,,274,20,,,0,60,,275,20,,,0,20,,276,20,,,0,20,,277,20,,,0,60,,278,20,,,0,20,,279,20,,,0,20,,280,20,,,0,82,,288,20,,,0,93,,289,20,,,0,100,,290,20,,,0,100,,291,20,,,0,100,,292,20,,,0,100,,283,20,,,0
10701,'Week-end-01',531,,306,20,,,0,125,,294,20,,,0,170,,295,20,,,0,130,,296,20,,,0,170,,297,20,,,0,130,,298,20,,,0,170,,299,20,,,0,130,,300,20,,,0,170,,301,20,,,0,130,,302,20,,,0,170,,303,20,,,0,130,,304,20,,,0,170,,305,20,,,0
10901,'Fête-2-01',601,,1218,30,,,0,30,,1219,30,,,0,70,,1220,30,,,0,25,,1221,30,,,0
10901,'Semaine-01',601,,351,30,,,0,30,,352,30,,,0,70,,353,30,,,0,25,,354,30,,,0
38300,'Fête-2-01',1243,,1254,30,,,0,200,,1253,30,,,0,101,,1255,30,,,0,158,,1256,30,,,0,98,,1257,30,,,0,53,,1258,30,,,0,84,,1252,30,,,0
38300,'Semaine-01',1243,,424,30,,,0,200,,423,30,,,0,101,,425,30,,,0,158,,426,30,,,0,98,,427,30,,,0,53,,428,30,,,0,84,,422,30,,,0
48800,'Semaine-01',1616,,907,40,,,0,11,,908,40,,,0,31,,909,40,,,0,58,,910,40,,,0,25,,911,40,,,0,18,,912,40,,,0,56,,913,40,,,0,22,,914,40,,,0
68001,'Fête-1-01',721,,1510,20,,,0,130,,1503,20,,,0,170,,1504,20,,,0,130,,1505,20,,,0,170,,1506,20,,,0,130,,1507,20,,,0,170,,1508,20,,,0,130,,1509,20,,,0
68001,'Week-end-01',721,,954,20,,,0,130,,947,20,,,0,170,,948,20,,,0,130,,949,20,,,0,170,,950,20,,,0,130,,951,20,,,0,170,,952,20,,,0,130,,953,20,,,0
68101,'Fête-2-01',559,,1542,120,,,0,87,,1540,120,,,0,83,,1543,120,,,0,72,,1529,20,,,0,28,,1544,120,,,0,80,,1532,120,,,0,100,,1533,20,,,0,100,,1534,20,,,0,106,,1535,20,,,0,96,,1536,20,,,0,106,,1530,20,,,0,92,,1531,20,,,0,115,,1546,20,,,0,90,,1547,120,,,0,95,,1539,20,,,0,107,,1541,20,,,0,109,,1545,20,,,0,86,,1538,20,,,0,103,,1537,20,,,0
68101,'Semaine-01',559,,1024,120,,,0,87,,1022,120,,,0,55,,1548,20,,,0,28,,1549,120,,,0,72,,1010,20,,,0,28,,1550,120,,,0,80,,1014,120,,,0,100,,1015,20,,,0,100,,1016,20,,,0,106,,1017,20,,,0,96,,1018,20,,,0,106,,1012,20,,,0,92,,1013,20,,,0,115,,1028,20,,,0,90,,1029,120,,,0,95,,1021,20,,,0,107,,1023,20,,,0,109,,1027,20,,,0,86,,1020,20,,,0,103,,1019,20,,,0
68500,'Fête-2-01',1334,,1553,120,,,0,323,,1551,120,,,0,191,,1552,120,,,0
68500,'Semaine-01',1334,,1035,120,,,0,323,,1033,120,,,0,191,,1034,120,,,0
