10900,'Fête-2-01',1146,,1213,120,4,,0,200,,1214,120,4,,0,169,,1215,120,4,,0,135,,1216,120,4,,0,109,,1217,120,4,,0
10900,'Semaine-01',1146,,342,120,4,,0,200,,343,120,4,,0,169,,344,120,4,,0,135,,345,120,4,,0,109,,346,120,4,,0
38301,'Fête-2-01',608,,1261,170,,,0,100,,1262,170,,,0,32,,1260,170,,,0,71,,1259,170,,,0,28,,1263,170,,,0,80,,1264,170,,,0,99,,1265,170,,,0
38301,'Semaine-01',608,,438,170,,,0,100,,439,170,,,0,32,,437,170,,,0,71,,436,170,,,0,28,,440,170,,,0,80,,441,170,,,0,99,,442,170,,,0
68000,'Fête-1-01',849,,1495,190,,,0,166,,1496,190,,,0,136,,1497,190,,,0,167,,1498,190,,,0,130,,1499,190,,,0,170,,1500,190,,,0,128,,1501,190,,,0,167,,1502,190,,,0
68000,'Week-end-01',849,,931,190,,,0,166,,932,190,,,0,136,,933,190,,,0,167,,934,190,,,0,130,,935,190,,,0,170,,936,190,,,0,128,,937,190,,,0,167,,938,190,,,0
68100,'Fête-2-01',539,,1516,70,,,0,198,,1515,170,,,0,101,,1521,170,,,0,105,,1522,170,,,0,111,,1511,240,,,0,93,,1517,170,,,0,105,,1518,240,,,0,95,,1519,170,,,0,106,,1520,240,,,0,155,,1513,240,,,0,107,,1526,170,,,0,92,,1523,170,,,0,95,,1512,240,,,0,44,,1527,220,,,0,103,,1528,240,,,0,101,,1514,220,,,0,101,,1524,240,,,0,101,,1525,240,,,0
68100,'Semaine-01',539,,978,70,,,0,198,,977,170,,,0,101,,983,170,,,0,105,,984,170,,,0,111,,973,240,,,0,93,,979,170,,,0,105,,980,240,,,0,95,,981,170,,,0,106,,982,240,,,0,155,,975,240,,,0,107,,988,170,,,0,92,,985,170,,,0,95,,974,240,,,0,44,,989,220,,,0,103,,990,240,,,0,101,,976,220,,,0,101,,986,240,,,0,101,,987,240,,,0
68501,'Fête-2-01',659,,1555,70,,,0,100,,1556,70,,,0,248,,1557,70,,,0,203,,1554,70,,,0
68501,'Semaine-01',659,,1042,70,,,0,100,,1043,70,,,0,248,,1044,70,,,0,203,,1041,70,,,0
