10901,'Fête-2-01',609,,1218,140,,,0,30,,1219,140,,,0,70,,1220,140,,,0,25,,1221,140,,,0
10901,'Semaine-01',609,,351,140,,,0,30,,352,140,,,0,70,,353,140,,,0,25,,354,140,,,0
38001,'Fête-2-01',1253,,1227,20,,,0,200,,1228,20,,,0,259,,1229,20,,,0,98,,1230,20,,,0,93,,1231,20,,,0
38001,'Semaine-01',1253,,370,20,,,0,200,,371,20,,,0,259,,372,20,,,0,98,,373,20,,,0,93,,374,20,,,0
48401,'Fête-2-01',609,,1475,70,,,0,100,,1476,70,,,0
48401,'Semaine-01',606,,849,70,,,0,107,,850,70,,,0
68001,'Fête-1-01',729,,1510,130,,,0,130,,1503,130,,,0,170,,1504,130,,,0,130,,1505,130,,,0,170,,1506,130,,,0,130,,1507,130,,,0,170,,1508,130,,,0,130,,1509,130,,,0
68001,'Week-end-01',729,,954,130,,,0,130,,947,130,,,0,170,,948,130,,,0,130,,949,130,,,0,170,,950,130,,,0,130,,951,130,,,0,170,,952,130,,,0,130,,953,130,,,0
68101,'Fête-2-01',609,,1542,230,,,0,48,,1540,230,,,0,84,,1543,230,,,0,70,,1529,130,,,0,29,,1544,230,,,0,79,,1532,230,,,0,99,,1533,130,,,0,102,,1534,130,,,0,104,,1535,130,,,0,98,,1536,130,,,0,105,,1530,130,,,0,93,,1531,130,,,0,114,,1546,130,,,0,90,,1547,230,,,0,96,,1539,130,,,0,105,,1541,130,,,0,109,,1545,130,,,0,87,,1538,130,,,0,103,,1537,130,,,0
68101,'Semaine-01',609,,1024,230,,,0,48,,1022,230,,,0,55,,1548,130,,,0,29,,1549,230,,,0,70,,1010,130,,,0,29,,1550,230,,,0,79,,1014,230,,,0,99,,1015,130,,,0,102,,1016,130,,,0,104,,1017,130,,,0,98,,1018,130,,,0,105,,1012,130,,,0,93,,1013,130,,,0,114,,1028,130,,,0,90,,1029,230,,,0,96,,1021,130,,,0,105,,1023,130,,,0,109,,1027,130,,,0,87,,1020,130,,,0,103,,1019,130,,,0
