10400,'Fête-1-01',610,,1045,140,,,1,130,,1046,140,,,1,170,,1047,140,,,1,130,,1048,140,,,1,170,,1049,140,,,1,130,,1050,140,,,1,170,,1051,140,,,1,130,,1052,140,,,1,170,,1053,140,,,1,130,,1054,140,,,1,170,,1055,140,,,1,130,,1056,140,,,1,170,,1057,140,,,1,130,,1058,140,,,1
10400,'Fête-2-01',918,,1077,140,,,1,30,,1064,140,,,1,70,,1078,140,,,1,30,,1065,140,,,1,70,,1079,140,,,1,30,,1066,140,,,1,70,,1080,140,,,1,30,,1067,140,,,1,70,,1081,140,,,1,30,,1068,140,,,1,70,,1082,140,,,1,30,,1069,140,,,1,71,,1070,140,,,1,424,,1083,140,,,1,71,,1059,140,,,1,29,,1071,140,,,1,70,,1060,140,,,1,30,,1072,140,,,1,70,,1061,140,,,1,30,,1073,140,,,1,70,,1062,140,,,1,30,,1074,140,,,1,70,,1063,140,,,1,30,,1075,140,,,1,93,,1076,140,,,1
10400,'Semaine-01',918,,58,140,,,1,30,,45,140,,,1,70,,59,140,,,1,30,,46,140,,,1,70,,60,140,,,1,30,,47,140,,,1,70,,61,140,,,1,30,,48,140,,,1,70,,62,140,,,1,30,,49,140,,,1,70,,63,140,,,1,30,,50,140,,,1,71,,51,140,,,1,424,,64,140,,,1,71,,40,140,,,1,29,,52,140,,,1,70,,41,140,,,1,30,,53,140,,,1,70,,42,140,,,1,30,,54,140,,,1,70,,43,140,,,1,30,,55,140,,,1,70,,44,140,,,1,30,,56,140,,,1,93,,57,140,,,1
10400,'Week-end-01',610,,65,140,,,1,130,,66,140,,,1,170,,67,140,,,1,130,,68,140,,,1,170,,69,140,,,1,130,,70,140,,,1,170,,71,140,,,1,130,,72,140,,,1,170,,73,140,,,1,130,,74,140,,,1,170,,75,140,,,1,130,,76,140,,,1,170,,77,140,,,1,130,,78,140,,,1
38300,'Fête-2-01',1258,,1254,170,,,0,200,,1253,170,,,0,101,,1255,170,,,0,158,,1256,170,,,0,98,,1257,170,,,0,93,,1258,170,,,0,44,,1252,170,,,0
38300,'Semaine-01',1258,,424,170,,,0,200,,423,170,,,0,101,,425,170,,,0,158,,426,170,,,0,98,,427,170,,,0,93,,428,170,,,0,44,,422,170,,,0
48400,'Fête-2-01',1717,,1473,200,,,0,97,,1474,200,,,0
48400,'Semaine-01',1717,,845,200,,,0,102,,846,200,,,0
48800,'Semaine-01',1626,,907,150,,,0,11,,908,150,,,0,71,,909,150,,,0,18,,910,150,,,0,23,,911,150,,,0,58,,912,150,,,0,16,,913,150,,,0,22,,914,150,,,0
48801,'Semaine-01',549,,919,80,,,0,60,,920,80,,,0,20,,921,80,,,0,20,,922,80,,,0,61,,917,80,,,0,20,,918,80,,,0,20,,916,80,,,0,60,,915,80,,,0
