10800,'Fête-2-01',1549,,1198,10,,,0,60,,1205,10,,,0,30,,1200,10,,,0,70,,1206,10,,,0,30,,1201,10,,,0,20,,1199,10,,,0,61,,1202,10,,,0,25,,1203,10,,,0,69,,1204,10,,,0
10800,'Semaine-01',1549,,316,10,,,0,60,,323,10,,,0,30,,318,10,,,0,70,,324,10,,,0,30,,319,10,,,0,20,,317,10,,,0,61,,320,10,,,0,25,,321,10,,,0,69,,322,10,,,0
10801,'Fête-2-01',549,,1208,180,4,,0,75,,1209,180,4,,0,32,,1210,180,4,,0,58,,1211,180,4,,0,40,,1207,180,4,,0,65,,1212,180,4,,0
10801,'Semaine-01',549,,332,180,4,,0,75,,333,180,4,,0,32,,334,180,4,,0,58,,335,180,4,,0,40,,331,180,4,,0,65,,336,180,4,,0
10900,'Fête-2-01',1151,,1213,180,4,,0,200,,1214,180,4,,0,169,,1215,180,4,,0,135,,1216,180,4,,0,149,,1217,180,4,,0
10900,'Semaine-01',1151,,342,180,4,,0,200,,343,180,4,,0,169,,344,180,4,,0,135,,345,180,4,,0,149,,346,180,4,,0
10901,'Fête-2-01',600,,1218,10,,,0,30,,1219,10,,,0,70,,1220,10,,,0,25,,1221,10,,,0
10901,'Semaine-01',600,,351,10,,,0,30,,352,10,,,0,70,,353,10,,,0,25,,354,10,,,0
38300,'Fête-2-01',1242,,1254,10,,,0,200,,1253,10,,,0,101,,1255,10,,,0,158,,1256,10,,,0,58,,1257,10,,,0,93,,1258,10,,,0,84,,1252,10,,,0
38300,'Semaine-01',1242,,424,10,,,0,200,,423,10,,,0,101,,425,10,,,0,158,,426,10,,,0,58,,427,10,,,0,93,,428,10,,,0,84,,422,10,,,0
38301,'Fête-2-01',614,,1261,230,4,,0,100,,1262,230,4,,0,32,,1260,230,4,,0,71,,1259,230,4,,0,28,,1263,230,4,,0,80,,1264,230,4,,0,99,,1265,230,4,,0
38301,'Semaine-01',614,,438,230,4,,0,100,,439,230,4,,0,32,,437,230,4,,0,71,,436,230,4,,0,28,,440,230,4,,0,80,,441,230,4,,0,99,,442,230,4,,0
38500,'Fête-2-01',458,,1276,10,,,0,79,,1277,10,,,0,63,,1278,10,,,0,34,,1279,10,,,0,24,,1280,10,,,0,79,,1281,10,,,0
38500,'Semaine-01',458,,469,10,,,0,79,,470,10,,,0,63,,471,10,,,0,34,,472,10,,,0,24,,473,10,,,0,79,,474,10,,,0
38501,'Fête-2-01',1514,,1282,180,4,,0,32,,1283,180,4,,0,71,,1284,180,4,,0,30,,1285,180,4,,0,70,,1286,180,4,,0
38501,'Semaine-01',1514,,480,180,4,,0,32,,481,180,4,,0,71,,482,180,4,,0,30,,483,180,4,,0,70,,484,180,4,,0
