10400,'Fête-1-01',608,,1045,110,,,1,130,,1046,110,,,1,170,,1047,110,,,1,130,,1048,110,,,1,170,,1049,110,,,1,130,,1050,110,,,1,170,,1051,110,,,1,130,,1052,110,,,1,170,,1053,110,,,1,130,,1054,110,,,1,170,,1055,110,,,1,130,,1056,110,,,1,170,,1057,110,,,1,130,,1058,110,,,1
10400,'Fête-2-01',916,,1077,110,,,1,30,,1064,110,,,1,70,,1078,110,,,1,30,,1065,110,,,1,70,,1079,110,,,1,30,,1066,110,,,1,70,,1080,110,,,1,30,,1067,110,,,1,70,,1081,110,,,1,30,,1068,110,,,1,70,,1082,110,,,1,30,,1069,110,,,1,71,,1070,110,,,1,424,,1083,110,,,1,71,,1059,110,,,1,29,,1071,110,,,1,70,,1060,110,,,1,30,,1072,110,,,1,70,,1061,110,,,1,30,,1073,110,,,1,70,,1062,110,,,1,30,,1074,110,,,1,70,,1063,110,,,1,30,,1075,110,,,1,93,,1076,110,,,1
10400,'Semaine-01',916,,58,110,,,1,30,,45,110,,,1,70,,59,110,,,1,30,,46,110,,,1,70,,60,110,,,1,30,,47,110,,,1,70,,61,110,,,1,30,,48,110,,,1,70,,62,110,,,1,30,,49,110,,,1,70,,63,110,,,1,30,,50,110,,,1,71,,51,110,,,1,424,,64,110,,,1,71,,40,110,,,1,29,,52,110,,,1,70,,41,110,,,1,30,,53,110,,,1,70,,42,110,,,1,30,,54,110,,,1,70,,43,110,,,1,30,,55,110,,,1,70,,44,110,,,1,30,,56,110,,,1,93,,57,110,,,1
10400,'Week-end-01',608,,65,110,,,1,130,,66,110,,,1,170,,67,110,,,1,130,,68,110,,,1,170,,69,110,,,1,130,,70,110,,,1,170,,71,110,,,1,130,,72,110,,,1,170,,73,110,,,1,130,,74,110,,,1,170,,75,110,,,1,130,,76,110,,,1,170,,77,110,,,1,130,,78,110,,,1
10901,'Fête-2-01',606,,1218,110,,,0,30,,1219,110,,,0,70,,1220,110,,,0,25,,1221,110,,,0
10901,'Semaine-01',606,,351,110,,,0,30,,352,110,,,0,70,,353,110,,,0,25,,354,110,,,0
38300,'Fête-2-01',1248,,1254,110,,,0,200,,1253,110,,,0,101,,1255,110,,,0,158,,1256,110,,,0,98,,1257,110,,,0,53,,1258,110,,,0,84,,1252,110,,,0
38300,'Semaine-01',1248,,424,110,,,0,200,,423,110,,,0,101,,425,110,,,0,158,,426,110,,,0,98,,427,110,,,0,53,,428,110,,,0,84,,422,110,,,0
48800,'Semaine-01',1623,,907,120,,,0,11,,908,120,,,0,71,,909,120,,,0,18,,910,120,,,0,24,,911,120,,,0,58,,912,120,,,0,16,,913,120,,,0,22,,914,120,,,0
48801,'Semaine-01',546,,919,50,,,0,60,,920,50,,,0,20,,921,50,,,0,20,,922,50,,,0,61,,917,50,,,0,20,,918,50,,,0,20,,916,50,,,0,60,,915,50,,,0
68001,'Fête-1-01',726,,1510,100,,,0,130,,1503,100,,,0,170,,1504,100,,,0,130,,1505,100,,,0,170,,1506,100,,,0,130,,1507,100,,,0,170,,1508,100,,,0,130,,1509,100,,,0
68001,'Week-end-01',726,,954,100,,,0,130,,947,100,,,0,170,,948,100,,,0,130,,949,100,,,0,170,,950,100,,,0,130,,951,100,,,0,170,,952,100,,,0,130,,953,100,,,0
68101,'Fête-2-01',605,,1542,200,,,0,48,,1540,200,,,0,83,,1543,200,,,0,71,,1529,100,,,0,28,,1544,200,,,0,80,,1532,200,,,0,99,,1533,100,,,0,101,,1534,100,,,0,105,,1535,100,,,0,97,,1536,100,,,0,106,,1530,100,,,0,92,,1531,100,,,0,115,,1546,100,,,0,90,,1547,200,,,0,95,,1539,100,,,0,106,,1541,100,,,0,109,,1545,100,,,0,87,,1538,100,,,0,103,,1537,100,,,0
68101,'Semaine-01',605,,1024,200,,,0,48,,1022,200,,,0,55,,1548,100,,,0,28,,1549,200,,,0,71,,1010,100,,,0,28,,1550,200,,,0,80,,1014,200,,,0,99,,1015,100,,,0,101,,1016,100,,,0,105,,1017,100,,,0,97,,1018,100,,,0,106,,1012,100,,,0,92,,1013,100,,,0,115,,1028,100,,,0,90,,1029,200,,,0,95,,1021,100,,,0,106,,1023,100,,,0,109,,1027,100,,,0,87,,1020,100,,,0,103,,1019,100,,,0
68500,'Fête-2-01',1341,,1553,200,,,0,364,,1551,200,,,0,150,,1552,200,,,0
68500,'Semaine-01',1341,,1035,200,,,0,364,,1033,200,,,0,150,,1034,200,,,0
