10400,'Fête-1-01',607,,1045,100,,,1,130,,1046,100,,,1,170,,1047,100,,,1,130,,1048,100,,,1,170,,1049,100,,,1,130,,1050,100,,,1,170,,1051,100,,,1,130,,1052,100,,,1,170,,1053,100,,,1,130,,1054,100,,,1,170,,1055,100,,,1,130,,1056,100,,,1,170,,1057,100,,,1,130,,1058,100,,,1
10400,'Fête-2-01',915,,1077,100,,,1,30,,1064,100,,,1,70,,1078,100,,,1,30,,1065,100,,,1,70,,1079,100,,,1,30,,1066,100,,,1,70,,1080,100,,,1,30,,1067,100,,,1,70,,1081,100,,,1,30,,1068,100,,,1,70,,1082,100,,,1,30,,1069,100,,,1,70,,1070,100,,,1,425,,1083,100,,,1,71,,1059,100,,,1,29,,1071,100,,,1,70,,1060,100,,,1,30,,1072,100,,,1,70,,1061,100,,,1,30,,1073,100,,,1,70,,1062,100,,,1,30,,1074,100,,,1,70,,1063,100,,,1,30,,1075,100,,,1,93,,1076,100,,,1
10400,'Semaine-01',915,,58,100,,,1,30,,45,100,,,1,70,,59,100,,,1,30,,46,100,,,1,70,,60,100,,,1,30,,47,100,,,1,70,,61,100,,,1,30,,48,100,,,1,70,,62,100,,,1,30,,49,100,,,1,70,,63,100,,,1,30,,50,100,,,1,70,,51,100,,,1,425,,64,100,,,1,71,,40,100,,,1,29,,52,100,,,1,70,,41,100,,,1,30,,53,100,,,1,70,,42,100,,,1,30,,54,100,,,1,70,,43,100,,,1,30,,55,100,,,1,70,,44,100,,,1,30,,56,100,,,1,93,,57,100,,,1
10400,'Week-end-01',607,,65,100,,,1,130,,66,100,,,1,170,,67,100,,,1,130,,68,100,,,1,170,,69,100,,,1,130,,70,100,,,1,170,,71,100,,,1,130,,72,100,,,1,170,,73,100,,,1,130,,74,100,,,1,170,,75,100,,,1,130,,76,100,,,1,170,,77,100,,,1,130,,78,100,,,1
10901,'Fête-2-01',606,,1218,100,,,0,30,,1219,100,,,0,70,,1220,100,,,0,25,,1221,100,,,0
10901,'Semaine-01',606,,351,100,,,0,30,,352,100,,,0,70,,353,100,,,0,25,,354,100,,,0
38300,'Fête-2-01',1247,,1254,100,,,0,200,,1253,100,,,0,101,,1255,100,,,0,158,,1256,100,,,0,98,,1257,100,,,0,53,,1258,100,,,0,84,,1252,100,,,0
38300,'Semaine-01',1247,,424,100,,,0,200,,423,100,,,0,101,,425,100,,,0,158,,426,100,,,0,98,,427,100,,,0,53,,428,100,,,0,84,,422,100,,,0
48800,'Semaine-01',1623,,907,110,,,0,11,,908,110,,,0,71,,909,110,,,0,18,,910,110,,,0,24,,911,110,,,0,58,,912,110,,,0,16,,913,110,,,0,22,,914,110,,,0
48801,'Semaine-01',546,,919,40,,,0,60,,920,40,,,0,20,,921,40,,,0,20,,922,40,,,0,61,,917,40,,,0,20,,918,40,,,0,20,,916,40,,,0,60,,915,40,,,0
68001,'Fête-1-01',725,,1510,90,,,0,130,,1503,90,,,0,170,,1504,90,,,0,130,,1505,90,,,0,170,,1506,90,,,0,130,,1507,90,,,0,170,,1508,90,,,0,130,,1509,90,,,0
68001,'Week-end-01',725,,954,90,,,0,130,,947,90,,,0,170,,948,90,,,0,130,,949,90,,,0,170,,950,90,,,0,130,,951,90,,,0,170,,952,90,,,0,130,,953,90,,,0
68101,'Fête-2-01',604,,1542,190,,,0,48,,1540,190,,,0,83,,1543,190,,,0,71,,1529,90,,,0,28,,1544,190,,,0,80,,1532,190,,,0,99,,1533,90,,,0,101,,1534,90,,,0,105,,1535,90,,,0,97,,1536,90,,,0,106,,1530,90,,,0,92,,1531,90,,,0,115,,1546,90,,,0,90,,1547,190,,,0,95,,1539,90,,,0,106,,1541,90,,,0,109,,1545,90,,,0,87,,1538,90,,,0,103,,1537,90,,,0
68101,'Semaine-01',604,,1024,190,,,0,48,,1022,190,,,0,55,,1548,90,,,0,28,,1549,190,,,0,71,,1010,90,,,0,28,,1550,190,,,0,80,,1014,190,,,0,99,,1015,90,,,0,101,,1016,90,,,0,105,,1017,90,,,0,97,,1018,90,,,0,106,,1012,90,,,0,92,,1013,90,,,0,115,,1028,90,,,0,90,,1029,190,,,0,95,,1021,90,,,0,106,,1023,90,,,0,109,,1027,90,,,0,87,,1020,90,,,0,103,,1019,90,,,0
68500,'Fête-2-01',1340,,1553,190,,,0,363,,1551,190,,,0,150,,1552,190,,,0
68500,'Semaine-01',1340,,1035,190,,,0,363,,1033,190,,,0,150,,1034,190,,,0
