10400,'Fête-1-01',606,,1045,90,,,1,130,,1046,90,,,1,170,,1047,90,,,1,130,,1048,90,,,1,170,,1049,90,,,1,130,,1050,90,,,1,170,,1051,90,,,1,130,,1052,90,,,1,170,,1053,90,,,1,130,,1054,90,,,1,170,,1055,90,,,1,130,,1056,90,,,1,170,,1057,90,,,1,130,,1058,90,,,1
10400,'Fête-2-01',914,,1077,90,,,1,30,,1064,90,,,1,70,,1078,90,,,1,30,,1065,90,,,1,70,,1079,90,,,1,30,,1066,90,,,1,70,,1080,90,,,1,30,,1067,90,,,1,70,,1081,90,,,1,30,,1068,90,,,1,70,,1082,90,,,1,30,,1069,90,,,1,70,,1070,90,,,1,425,,1083,90,,,1,71,,1059,90,,,1,29,,1071,90,,,1,70,,1060,90,,,1,30,,1072,90,,,1,70,,1061,90,,,1,30,,1073,90,,,1,70,,1062,90,,,1,30,,1074,90,,,1,70,,1063,90,,,1,30,,1075,90,,,1,93,,1076,90,,,1
10400,'Semaine-01',914,,58,90,,,1,30,,45,90,,,1,70,,59,90,,,1,30,,46,90,,,1,70,,60,90,,,1,30,,47,90,,,1,70,,61,90,,,1,30,,48,90,,,1,70,,62,90,,,1,30,,49,90,,,1,70,,63,90,,,1,30,,50,90,,,1,70,,51,90,,,1,425,,64,90,,,1,71,,40,90,,,1,29,,52,90,,,1,70,,41,90,,,1,30,,53,90,,,1,70,,42,90,,,1,30,,54,90,,,1,70,,43,90,,,1,30,,55,90,,,1,70,,44,90,,,1,30,,56,90,,,1,93,,57,90,,,1
10400,'Week-end-01',606,,65,90,,,1,130,,66,90,,,1,170,,67,90,,,1,130,,68,90,,,1,170,,69,90,,,1,130,,70,90,,,1,170,,71,90,,,1,130,,72,90,,,1,170,,73,90,,,1,130,,74,90,,,1,170,,75,90,,,1,130,,76,90,,,1,170,,77,90,,,1,130,,78,90,,,1
10901,'Fête-2-01',605,,1218,90,,,0,30,,1219,90,,,0,70,,1220,90,,,0,25,,1221,90,,,0
10901,'Semaine-01',605,,351,90,,,0,30,,352,90,,,0,70,,353,90,,,0,25,,354,90,,,0
38300,'Fête-2-01',1246,,1254,90,,,0,200,,1253,90,,,0,101,,1255,90,,,0,158,,1256,90,,,0,98,,1257,90,,,0,53,,1258,90,,,0,84,,1252,90,,,0
38300,'Semaine-01',1246,,424,90,,,0,200,,423,90,,,0,101,,425,90,,,0,158,,426,90,,,0,98,,427,90,,,0,53,,428,90,,,0,84,,422,90,,,0
48800,'Semaine-01',1621,,907,100,,,0,11,,908,100,,,0,71,,909,100,,,0,18,,910,100,,,0,24,,911,100,,,0,58,,912,100,,,0,16,,913,100,,,0,22,,914,100,,,0
48801,'Semaine-01',545,,919,30,,,0,60,,920,30,,,0,20,,921,30,,,0,20,,922,30,,,0,60,,917,30,,,0,20,,918,30,,,0,20,,916,30,,,0,60,,915,30,,,0
68001,'Fête-1-01',724,,1510,80,,,0,130,,1503,80,,,0,170,,1504,80,,,0,130,,1505,80,,,0,170,,1506,80,,,0,130,,1507,80,,,0,170,,1508,80,,,0,130,,1509,80,,,0
68001,'Week-end-01',724,,954,80,,,0,130,,947,80,,,0,170,,948,80,,,0,130,,949,80,,,0,170,,950,80,,,0,130,,951,80,,,0,170,,952,80,,,0,130,,953,80,,,0
68101,'Fête-2-01',603,,1542,180,,,0,48,,1540,180,,,0,83,,1543,180,,,0,71,,1529,80,,,0,28,,1544,180,,,0,80,,1532,180,,,0,99,,1533,80,,,0,101,,1534,80,,,0,105,,1535,80,,,0,97,,1536,80,,,0,106,,1530,80,,,0,92,,1531,80,,,0,115,,1546,80,,,0,90,,1547,180,,,0,95,,1539,80,,,0,106,,1541,80,,,0,109,,1545,80,,,0,87,,1538,80,,,0,103,,1537,80,,,0
68101,'Semaine-01',603,,1024,180,,,0,48,,1022,180,,,0,55,,1548,80,,,0,28,,1549,180,,,0,71,,1010,80,,,0,28,,1550,180,,,0,80,,1014,180,,,0,99,,1015,80,,,0,101,,1016,80,,,0,105,,1017,80,,,0,97,,1018,80,,,0,106,,1012,80,,,0,92,,1013,80,,,0,115,,1028,80,,,0,90,,1029,180,,,0,95,,1021,80,,,0,106,,1023,80,,,0,109,,1027,80,,,0,87,,1020,80,,,0,103,,1019,80,,,0
68500,'Fête-2-01',1339,,1553,180,,,0,363,,1551,180,,,0,150,,1552,180,,,0
68500,'Semaine-01',1339,,1035,180,,,0,363,,1033,180,,,0,150,,1034,180,,,0
