48100,'Fête-1-01',625,,1293,10,,,1,85,,1294,10,,,1,45,,1295,10,,,1,85,,1296,10,,,1,85,,1297,10,,,1,85,,1298,10,,,1,45,,1299,10,,,1,85,,1300,10,,,1,85,,1301,10,,,1,85,,1302,10,,,1,45,,1304,10,,,1,85,,1303,10,,,1,83,,1305,10,,,1,85,,1306,10,,,1,45,,1307,10,,,1,85,,1308,10,,,1,87,,1309,10,,,1,85,,1310,10,,,1,45,,1311,10,,,1,85,,1312,10,,,1,85,,1313,10,,,1,85,,1314,10,,,1,45,,1315,10,,,1,85,,1316,10,,,1,85,,1317,10,,,1,85,,1318,10,,,1
48100,'Fête-2-01',527,,1319,10,,,1,15,,1323,10,,,1,14,,1326,10,,,1,60,,1320,10,,,1,20,,1327,10,,,1,20,,1321,10,,,1,60,,1328,10,,,1,31,,1324,10,,,1,9,,1329,10,,,1,60,,1322,10,,,1,19,,1325,10,,,1,75,,1343,10,,,1,30,,1333,10,,,1,70,,1344,10,,,1,30,,1334,10,,,1,70,,1345,10,,,1,30,,1335,10,,,1,70,,1346,10,,,1,30,,1336,10,,,1,70,,1347,10,,,1,30,,1337,10,,,1,70,,1348,10,,,1,30,,1332,10,,,1,65,,1349,10,,,1,22,,1358,10,,,1,20,,1359,10,,,1,60,,1357,10,,,1,30,,1364,10,,,1,70,,1361,10,,,1,30,,1360,10,,,1,66,,1362,10,,,1,29,,1363,10,,,1,24,,1356,10,,,1,60,,1342,10,,,1,24,,1350,10,,,1,70,,1338,10,,,1,30,,1351,10,,,1,70,,1339,10,,,1,30,,1352,10,,,1,70,,1340,10,,,1,30,,1353,10,,,1,70,,1341,10,,,1,30,,1354,10,,,1,70,,1331,10,,,1,30,,1355,10,,,1,70,,1330,10,,,1
48100,'Semaine-01',527,,569,10,,,1,15,,574,10,,,1,15,,579,10,,,1,59,,1365,10,,,1,11,,575,10,,,1,9,,580,10,,,1,20,,571,10,,,1,51,,576,10,,,1,12,,581,10,,,1,16,,572,10,,,1,12,,1375,10,,,1,9,,582,10,,,1,60,,573,10,,,1,14,,1376,10,,,1,12,,583,10,,,1,68,,597,10,,,1,30,,1366,10,,,1,70,,598,10,,,1,30,,588,10,,,1,70,,599,10,,,1,30,,589,10,,,1,70,,600,10,,,1,30,,590,10,,,1,70,,601,10,,,1,30,,591,10,,,1,70,,602,10,,,1,30,,586,10,,,1,65,,603,10,,,1,22,,613,10,,,1,15,,614,10,,,1,15,,1367,10,,,1,50,,625,10,,,1,10,,626,10,,,1,10,,1374,10,,,1,10,,628,10,,,1,10,,612,10,,,1,10,,1373,10,,,1,50,,619,10,,,1,10,,615,10,,,1,10,,1372,10,,,1,10,,617,10,,,1,10,,618,10,,,1,10,,1370,10,,,1,55,,1371,10,,,1,15,,622,10,,,1,19,,1368,10,,,1,10,,1369,10,,,1,60,,596,10,,,1,24,,604,10,,,1,70,,592,10,,,1,30,,605,10,,,1,70,,593,10,,,1,30,,606,10,,,1,70,,594,10,,,1,30,,607,10,,,1,70,,595,10,,,1,30,,608,10,,,1,70,,585,10,,,1,30,,609,10,,,1,70,,584,10,,,1
48100,'Week-end-01',625,,629,10,,,1,85,,630,10,,,1,45,,631,10,,,1,85,,632,10,,,1,85,,633,10,,,1,85,,634,10,,,1,45,,635,10,,,1,85,,636,10,,,1,85,,637,10,,,1,85,,638,10,,,1,45,,640,10,,,1,85,,639,10,,,1,83,,641,10,,,1,85,,642,10,,,1,45,,643,10,,,1,85,,644,10,,,1,87,,645,10,,,1,85,,646,10,,,1,45,,647,10,,,1,85,,648,10,,,1,85,,649,10,,,1,85,,650,10,,,1,45,,651,10,,,1,85,,652,10,,,1,85,,653,10,,,1,85,,654,10,,,1
48101,'Fête-1-01',605,,1377,30,4,,1,45,,1378,30,4,,1,85,,1379,30,4,,1,85,,1380,30,4,,1,85,,1381,30,4,,1,44,,1382,30,4,,1,85,,1383,30,4,,1,85,,1384,30,4,,1,85,,1385,30,4,,1,45,,1386,30,4,,1,85,,1388,30,4,,1,85,,1387,30,4,,1,85,,1389,30,4,,1,46,,1390,30,4,,1,85,,1391,30,4,,1,85,,1392,30,4,,1,85,,1393,30,4,,1,44,,1394,30,4,,1,85,,1395,30,4,,1,85,,1396,30,4,,1,85,,1397,30,4,,1,45,,1398,30,4,,1,85,,1399,30,4,,1,85,,1400,30,4,,1,85,,1401,30,4,,1,45,,1402,30,4,,1
48101,'Fête-2-01',522,,1441,30,4,,1,15,,1437,30,4,,1,17,,1439,30,4,,1,58,,1440,30,4,,1,20,,1445,30,4,,1,68,,1446,30,4,,1,42,,1438,30,4,,1,90,,1443,30,4,,1,89,,1442,30,4,,1,38,,1434,30,4,,1,70,,1411,30,4,,1,30,,1435,30,4,,1,70,,1412,30,4,,1,30,,1436,30,4,,1,73,,1413,30,4,,1,27,,1424,30,4,,1,73,,1414,30,4,,1,27,,1425,30,4,,1,73,,1415,30,4,,1,27,,1427,30,4,,1,65,,1426,30,4,,1,20,,1423,30,4,,1,60,,1444,30,4,,1,24,,1405,30,4,,1,10,,1407,30,4,,1,13,,1410,30,4,,1,64,,1403,30,4,,1,27,,1406,30,4,,1,14,,1404,30,4,,1,59,,1409,30,4,,1,20,,1408,30,4,,1,73,,1422,30,4,,1,21,,1421,30,4,,1,77,,1428,30,4,,1,31,,1416,30,4,,1,22,,1429,30,4,,1,72,,1417,30,4,,1,28,,1430,30,4,,1,70,,1418,30,4,,1,30,,1431,30,4,,1,70,,1419,30,4,,1,30,,1432,30,4,,1,70,,1420,30,4,,1,73,,1433,30,4,,1
48101,'Semaine-01',522,,771,30,4,,1,15,,764,30,4,,1,17,,768,30,4,,1,53,,769,30,4,,1,15,,776,30,4,,1,10,,777,30,4,,1,20,,778,30,4,,1,50,,779,30,4,,1,12,,1447,30,4,,1,18,,770,30,4,,1,10,,767,30,4,,1,10,,766,30,4,,1,60,,763,30,4,,1,15,,1449,30,4,,1,10,,774,30,4,,1,20,,765,30,4,,1,64,,773,30,4,,1,38,,760,30,4,,1,70,,737,30,4,,1,30,,761,30,4,,1,70,,738,30,4,,1,30,,762,30,4,,1,73,,739,30,4,,1,27,,750,30,4,,1,73,,740,30,4,,1,27,,751,30,4,,1,73,,741,30,4,,1,27,,753,30,4,,1,73,,1453,30,4,,1,12,,749,30,4,,1,62,,775,30,4,,1,15,,728,30,4,,1,15,,1454,30,4,,1,10,,729,30,4,,1,10,,736,30,4,,1,52,,1450,30,4,,1,8,,725,30,4,,1,12,,731,30,4,,1,8,,1448,30,4,,1,12,,734,30,4,,1,58,,1452,30,4,,1,9,,735,30,4,,1,20,,1451,30,4,,1,72,,748,30,4,,1,22,,747,30,4,,1,77,,754,30,4,,1,23,,742,30,4,,1,30,,755,30,4,,1,72,,743,30,4,,1,28,,756,30,4,,1,70,,744,30,4,,1,30,,757,30,4,,1,70,,745,30,4,,1,30,,758,30,4,,1,70,,746,30,4,,1,30,,759,30,4,,1
48101,'Week-end-01',605,,781,30,4,,1,45,,782,30,4,,1,85,,783,30,4,,1,85,,784,30,4,,1,85,,785,30,4,,1,44,,786,30,4,,1,85,,787,30,4,,1,85,,788,30,4,,1,85,,789,30,4,,1,45,,790,30,4,,1,85,,792,30,4,,1,85,,791,30,4,,1,85,,793,30,4,,1,46,,794,30,4,,1,85,,795,30,4,,1,85,,796,30,4,,1,85,,797,30,4,,1,44,,798,30,4,,1,85,,799,30,4,,1,85,,800,30,4,,1,85,,801,30,4,,1,45,,802,30,4,,1,85,,803,30,4,,1,85,,804,30,4,,1,85,,805,30,4,,1,45,,806,30,4,,1
48200,'Fête-2-01',1559,,1457,10,,,1,65,,1460,10,,,1,24,,1459,10,,,1,77,,1455,10,,,1,25,,1456,10,,,1,72,,1458,10,,,1
48200,'Semaine-01',1552,,815,10,,,1,70,,818,10,,,1,30,,817,10,,,1,70,,813,10,,,1,30,,814,10,,,1,65,,816,10,,,1
48201,'Fête-2-01',643,,1462,100,4,,1,73,,1464,100,4,,1,18,,1466,100,4,,1,67,,1467,100,4,,1,18,,1461,100,4,,1,33,,1463,100,4,,1,55,,1465,100,4,,1,30,,1468,100,4,,1
48201,'Semaine-01',645,,828,100,4,,1,63,,830,100,4,,1,18,,832,100,4,,1,78,,833,100,4,,1,15,,827,100,4,,1,29,,829,100,4,,1,59,,831,100,4,,1,25,,834,100,4,,1
