10400,'Fête-1-01',602,,1045,40,,,1,130,,1046,40,,,1,170,,1047,40,,,1,130,,1048,40,,,1,170,,1049,40,,,1,130,,1050,40,,,1,170,,1051,40,,,1,130,,1052,40,,,1,170,,1053,40,,,1,130,,1054,40,,,1,170,,1055,40,,,1,130,,1056,40,,,1,170,,1057,40,,,1,130,,1058,40,,,1
10400,'Fête-2-01',910,,1077,40,,,1,30,,1064,40,,,1,70,,1078,40,,,1,30,,1065,40,,,1,70,,1079,40,,,1,30,,1066,40,,,1,70,,1080,40,,,1,30,,1067,40,,,1,70,,1081,40,,,1,30,,1068,40,,,1,70,,1082,40,,,1,30,,1069,40,,,1,70,,1070,40,,,1,425,,1083,40,,,1,71,,1059,40,,,1,29,,1071,40,,,1,70,,1060,40,,,1,30,,1072,40,,,1,70,,1061,40,,,1,30,,1073,40,,,1,70,,1062,40,,,1,30,,1074,40,,,1,70,,1063,40,,,1,30,,1075,40,,,1,93,,1076,40,,,1
10400,'Semaine-01',910,,58,40,,,1,30,,45,40,,,1,70,,59,40,,,1,30,,46,40,,,1,70,,60,40,,,1,30,,47,40,,,1,70,,61,40,,,1,30,,48,40,,,1,70,,62,40,,,1,30,,49,40,,,1,70,,63,40,,,1,30,,50,40,,,1,70,,51,40,,,1,425,,64,40,,,1,71,,40,40,,,1,29,,52,40,,,1,70,,41,40,,,1,30,,53,40,,,1,70,,42,40,,,1,30,,54,40,,,1,70,,43,40,,,1,30,,55,40,,,1,70,,44,40,,,1,30,,56,40,,,1,93,,57,40,,,1
10400,'Week-end-01',602,,65,40,,,1,130,,66,40,,,1,170,,67,40,,,1,130,,68,40,,,1,170,,69,40,,,1,130,,70,40,,,1,170,,71,40,,,1,130,,72,40,,,1,170,,73,40,,,1,130,,74,40,,,1,170,,75,40,,,1,130,,76,40,,,1,170,,77,40,,,1,130,,78,40,,,1
10600,'Fête-2-01',456,,1137,40,,,0,60,,1133,40,,,0,20,,1134,40,,,0,20,,1135,40,,,0,60,,1130,40,,,0,20,,1132,40,,,0,20,,1131,40,,,0,60,,1128,40,,,0,20,,1129,40,,,0,20,,1126,40,,,0,60,,1127,40,,,0,20,,1136,40,,,0
10600,'Semaine-01',456,,186,40,,,0,60,,182,40,,,0,20,,183,40,,,0,20,,184,40,,,0,60,,179,40,,,0,20,,181,40,,,0,20,,180,40,,,0,60,,177,40,,,0,20,,178,40,,,0,20,,175,40,,,0,60,,176,40,,,0,20,,185,40,,,0
10701,'Fête-1-01',532,,1174,30,,,0,125,,1162,30,,,0,170,,1163,30,,,0,130,,1164,30,,,0,170,,1165,30,,,0,130,,1166,30,,,0,170,,1167,30,,,0,130,,1168,30,,,0,170,,1169,30,,,0,130,,1170,30,,,0,170,,1171,30,,,0,130,,1172,30,,,0,170,,1173,30,,,0
10701,'Fête-2-01',929,,1188,30,,,0,100,,1189,30,,,0,100,,1190,30,,,0,100,,1191,30,,,0,100,,1185,30,,,0,100,,1186,30,,,0,105,,1197,30,,,0,20,,1175,30,,,0,60,,1176,30,,,0,20,,1177,30,,,0,20,,1178,30,,,0,60,,1179,30,,,0,20,,1180,30,,,0,20,,1181,30,,,0,60,,1182,30,,,0,20,,1183,30,,,0,20,,1184,30,,,0,82,,1192,30,,,0,93,,1193,30,,,0,100,,1194,30,,,0,100,,1195,30,,,0,100,,1196,30,,,0,100,,1187,30,,,0
10701,'Semaine-01',929,,284,30,,,0,100,,285,30,,,0,100,,286,30,,,0,100,,287,30,,,0,100,,281,30,,,0,100,,282,30,,,0,105,,293,30,,,0,20,,271,30,,,0,60,,272,30,,,0,20,,273,30,,,0,20,,274,30,,,0,60,,275,30,,,0,20,,276,30,,,0,20,,277,30,,,0,60,,278,30,,,0,20,,279,30,,,0,20,,280,30,,,0,82,,288,30,,,0,93,,289,30,,,0,100,,290,30,,,0,100,,291,30,,,0,100,,292,30,,,0,100,,283,30,,,0
10701,'Week-end-01',532,,306,30,,,0,125,,294,30,,,0,170,,295,30,,,0,130,,296,30,,,0,170,,297,30,,,0,130,,298,30,,,0,170,,299,30,,,0,130,,300,30,,,0,170,,301,30,,,0,130,,302,30,,,0,170,,303,30,,,0,130,,304,30,,,0,170,,305,30,,,0
10901,'Fête-2-01',602,,1218,40,,,0,30,,1219,40,,,0,70,,1220,40,,,0,25,,1221,40,,,0
10901,'Semaine-01',602,,351,40,,,0,30,,352,40,,,0,70,,353,40,,,0,25,,354,40,,,0
38300,'Fête-2-01',1244,,1254,40,,,0,200,,1253,40,,,0,101,,1255,40,,,0,158,,1256,40,,,0,98,,1257,40,,,0,53,,1258,40,,,0,84,,1252,40,,,0
38300,'Semaine-01',1244,,424,40,,,0,200,,423,40,,,0,101,,425,40,,,0,158,,426,40,,,0,98,,427,40,,,0,53,,428,40,,,0,84,,422,40,,,0
48800,'Semaine-01',1617,,907,50,,,0,11,,908,50,,,0,31,,909,50,,,0,58,,910,50,,,0,24,,911,50,,,0,18,,912,50,,,0,56,,913,50,,,0,22,,914,50,,,0
68001,'Fête-1-01',722,,1510,30,,,0,130,,1503,30,,,0,170,,1504,30,,,0,130,,1505,30,,,0,170,,1506,30,,,0,130,,1507,30,,,0,170,,1508,30,,,0,130,,1509,30,,,0
68001,'Week-end-01',722,,954,30,,,0,130,,947,30,,,0,170,,948,30,,,0,130,,949,30,,,0,170,,950,30,,,0,130,,951,30,,,0,170,,952,30,,,0,130,,953,30,,,0
68101,'Fête-2-01',600,,1542,130,,,0,47,,1540,130,,,0,83,,1543,130,,,0,72,,1529,30,,,0,28,,1544,130,,,0,80,,1532,130,,,0,100,,1533,30,,,0,100,,1534,30,,,0,106,,1535,30,,,0,96,,1536,30,,,0,106,,1530,30,,,0,92,,1531,30,,,0,115,,1546,30,,,0,90,,1547,130,,,0,95,,1539,30,,,0,107,,1541,30,,,0,109,,1545,30,,,0,86,,1538,30,,,0,103,,1537,30,,,0
68101,'Semaine-01',600,,1024,130,,,0,47,,1022,130,,,0,55,,1548,30,,,0,28,,1549,130,,,0,72,,1010,30,,,0,28,,1550,130,,,0,80,,1014,130,,,0,100,,1015,30,,,0,100,,1016,30,,,0,106,,1017,30,,,0,96,,1018,30,,,0,106,,1012,30,,,0,92,,1013,30,,,0,115,,1028,30,,,0,90,,1029,130,,,0,95,,1021,30,,,0,107,,1023,30,,,0,109,,1027,30,,,0,86,,1020,30,,,0,103,,1019,30,,,0
68500,'Fête-2-01',1335,,1553,130,,,0,323,,1551,130,,,0,191,,1552,130,,,0
68500,'Semaine-01',1335,,1035,130,,,0,323,,1033,130,,,0,191,,1034,130,,,0
