10900,'Fête-2-01',1146,,1213,100,4,,0,200,,1214,100,4,,0,169,,1215,100,4,,0,135,,1216,100,4,,0,109,,1217,100,4,,0
10900,'Semaine-01',1146,,342,100,4,,0,200,,343,100,4,,0,169,,344,100,4,,0,135,,345,100,4,,0,109,,346,100,4,,0
38301,'Fête-2-01',608,,1261,150,,,0,100,,1262,150,,,0,32,,1260,150,,,0,71,,1259,150,,,0,28,,1263,150,,,0,80,,1264,150,,,0,99,,1265,150,,,0
38301,'Semaine-01',608,,438,150,,,0,100,,439,150,,,0,32,,437,150,,,0,71,,436,150,,,0,28,,440,150,,,0,80,,441,150,,,0,99,,442,150,,,0
68000,'Fête-1-01',848,,1495,170,,,0,166,,1496,170,,,0,136,,1497,170,,,0,167,,1498,170,,,0,130,,1499,170,,,0,170,,1500,170,,,0,128,,1501,170,,,0,167,,1502,170,,,0
68000,'Week-end-01',848,,931,170,,,0,166,,932,170,,,0,136,,933,170,,,0,167,,934,170,,,0,130,,935,170,,,0,170,,936,170,,,0,128,,937,170,,,0,167,,938,170,,,0
68100,'Fête-2-01',538,,1516,50,,,0,198,,1515,150,,,0,101,,1521,150,,,0,105,,1522,150,,,0,111,,1511,220,,,0,93,,1517,150,,,0,105,,1518,220,,,0,95,,1519,150,,,0,105,,1520,220,,,0,155,,1513,220,,,0,107,,1526,150,,,0,92,,1523,150,,,0,96,,1512,220,,,0,44,,1527,200,,,0,103,,1528,220,,,0,101,,1514,200,,,0,101,,1524,220,,,0,101,,1525,220,,,0
68100,'Semaine-01',538,,978,50,,,0,198,,977,150,,,0,101,,983,150,,,0,105,,984,150,,,0,111,,973,220,,,0,93,,979,150,,,0,105,,980,220,,,0,95,,981,150,,,0,105,,982,220,,,0,155,,975,220,,,0,107,,988,150,,,0,92,,985,150,,,0,96,,974,220,,,0,44,,989,200,,,0,103,,990,220,,,0,101,,976,200,,,0,101,,986,220,,,0,101,,987,220,,,0
68501,'Fête-2-01',658,,1555,50,,,0,100,,1556,50,,,0,248,,1557,50,,,0,203,,1554,50,,,0
68501,'Semaine-01',658,,1042,50,,,0,100,,1043,50,,,0,248,,1044,50,,,0,203,,1041,50,,,0
