68000,'Fête-1-01',859,,1495,250,4,,0,166,,1496,250,4,,0,133,,1497,250,4,,0,170,,1498,250,4,,0,130,,1499,250,4,,0,170,,1500,250,4,,0,128,,1501,250,4,,0,167,,1502,250,4,,0
68000,'Week-end-01',859,,931,250,4,,0,166,,932,250,4,,0,133,,933,250,4,,0,170,,934,250,4,,0,130,,935,250,4,,0,170,,936,250,4,,0,128,,937,250,4,,0,167,,938,250,4,,0
68001,'Fête-1-01',720,,1510,10,,,0,130,,1503,10,,,0,170,,1504,10,,,0,130,,1505,10,,,0,170,,1506,10,,,0,130,,1507,10,,,0,170,,1508,10,,,0,130,,1509,10,,,0
68001,'Week-end-01',720,,954,10,,,0,130,,947,10,,,0,170,,948,10,,,0,130,,949,10,,,0,170,,950,10,,,0,130,,951,10,,,0,170,,952,10,,,0,130,,953,10,,,0
68100,'Fête-2-01',544,,1516,130,,,0,198,,1515,230,4,,0,104,,1521,230,,,0,104,,1522,230,4,,0,152,,1511,300,4,,0,54,,1517,230,4,,0,145,,1518,300,4,,0,55,,1519,230,4,,0,145,,1520,300,4,,0,116,,1513,300,,,0,110,,1526,230,,,0,90,,1523,230,,,0,94,,1512,300,,,0,44,,1527,280,4,,0,103,,1528,300,4,,0,101,,1514,280,4,,0,99,,1524,300,4,,0,101,,1525,300,4,,0
68100,'Semaine-01',544,,978,130,,,0,198,,977,230,4,,0,104,,983,230,,,0,104,,984,230,4,,0,152,,973,300,4,,0,54,,979,230,4,,0,145,,980,300,4,,0,55,,981,230,4,,0,145,,982,300,4,,0,116,,975,300,,,0,110,,988,230,,,0,90,,985,230,,,0,94,,974,300,,,0,44,,989,280,4,,0,103,,990,300,4,,0,101,,976,280,4,,0,99,,986,300,4,,0,101,,987,300,4,,0
68101,'Fête-2-01',558,,1542,110,,,0,87,,1540,110,,,0,83,,1543,110,,,0,72,,1529,10,,,0,28,,1544,110,,,0,80,,1532,110,,,0,100,,1533,10,,,0,100,,1534,10,,,0,106,,1535,10,,,0,96,,1536,10,,,0,106,,1530,10,,,0,92,,1531,10,,,0,115,,1546,10,,,0,90,,1547,110,,,0,95,,1539,10,,,0,107,,1541,10,,,0,109,,1545,10,,,0,86,,1538,10,,,0,103,,1537,10,,,0
68101,'Semaine-01',558,,1024,110,,,0,87,,1022,110,,,0,55,,1548,10,,,0,28,,1549,110,,,0,72,,1010,10,,,0,28,,1550,110,,,0,80,,1014,110,,,0,100,,1015,10,,,0,100,,1016,10,,,0,106,,1017,10,,,0,96,,1018,10,,,0,106,,1012,10,,,0,92,,1013,10,,,0,115,,1028,10,,,0,90,,1029,110,,,0,95,,1021,10,,,0,107,,1023,10,,,0,109,,1027,10,,,0,86,,1020,10,,,0,103,,1019,10,,,0
68500,'Fête-2-01',1333,,1553,110,,,0,323,,1551,110,,,0,191,,1552,110,,,0
68500,'Semaine-01',1333,,1035,110,,,0,323,,1033,110,,,0,191,,1034,110,,,0
68501,'Fête-2-01',705,,1555,130,,,0,100,,1556,130,,,0,208,,1557,130,,,0,203,,1554,130,,,0
68501,'Semaine-01',705,,1042,130,,,0,5,,1558,10,,,0,95,,1043,130,,,0,208,,1044,130,,,0,203,,1041,130,,,0
