10900,'Fête-2-01',1146,,1213,110,4,,0,200,,1214,110,4,,0,169,,1215,110,4,,0,135,,1216,110,4,,0,109,,1217,110,4,,0
10900,'Semaine-01',1146,,342,110,4,,0,200,,343,110,4,,0,169,,344,110,4,,0,135,,345,110,4,,0,109,,346,110,4,,0
38301,'Fête-2-01',608,,1261,160,,,0,100,,1262,160,,,0,32,,1260,160,,,0,71,,1259,160,,,0,28,,1263,160,,,0,80,,1264,160,,,0,99,,1265,160,,,0
38301,'Semaine-01',608,,438,160,,,0,100,,439,160,,,0,32,,437,160,,,0,71,,436,160,,,0,28,,440,160,,,0,80,,441,160,,,0,99,,442,160,,,0
68000,'Fête-1-01',848,,1495,180,,,0,166,,1496,180,,,0,136,,1497,180,,,0,167,,1498,180,,,0,130,,1499,180,,,0,170,,1500,180,,,0,128,,1501,180,,,0,167,,1502,180,,,0
68000,'Week-end-01',848,,931,180,,,0,166,,932,180,,,0,136,,933,180,,,0,167,,934,180,,,0,130,,935,180,,,0,170,,936,180,,,0,128,,937,180,,,0,167,,938,180,,,0
68100,'Fête-2-01',538,,1516,60,,,0,198,,1515,160,,,0,101,,1521,160,,,0,105,,1522,160,,,0,111,,1511,230,,,0,93,,1517,160,,,0,105,,1518,230,,,0,95,,1519,160,,,0,106,,1520,230,,,0,155,,1513,230,,,0,107,,1526,160,,,0,92,,1523,160,,,0,95,,1512,230,,,0,44,,1527,210,,,0,103,,1528,230,,,0,101,,1514,210,,,0,101,,1524,230,,,0,101,,1525,230,,,0
68100,'Semaine-01',538,,978,60,,,0,198,,977,160,,,0,101,,983,160,,,0,105,,984,160,,,0,111,,973,230,,,0,93,,979,160,,,0,105,,980,230,,,0,95,,981,160,,,0,106,,982,230,,,0,155,,975,230,,,0,107,,988,160,,,0,92,,985,160,,,0,95,,974,230,,,0,44,,989,210,,,0,103,,990,230,,,0,101,,976,210,,,0,101,,986,230,,,0,101,,987,230,,,0
68501,'Fête-2-01',658,,1555,60,,,0,100,,1556,60,,,0,248,,1557,60,,,0,203,,1554,60,,,0
68501,'Semaine-01',658,,1042,60,,,0,100,,1043,60,,,0,248,,1044,60,,,0,203,,1041,60,,,0
