10400,'Fête-1-01',603,,1045,50,,,1,130,,1046,50,,,1,170,,1047,50,,,1,130,,1048,50,,,1,170,,1049,50,,,1,130,,1050,50,,,1,170,,1051,50,,,1,130,,1052,50,,,1,170,,1053,50,,,1,130,,1054,50,,,1,170,,1055,50,,,1,130,,1056,50,,,1,170,,1057,50,,,1,130,,1058,50,,,1
10400,'Fête-2-01',911,,1077,50,,,1,30,,1064,50,,,1,70,,1078,50,,,1,30,,1065,50,,,1,70,,1079,50,,,1,30,,1066,50,,,1,70,,1080,50,,,1,30,,1067,50,,,1,70,,1081,50,,,1,30,,1068,50,,,1,70,,1082,50,,,1,30,,1069,50,,,1,70,,1070,50,,,1,425,,1083,50,,,1,71,,1059,50,,,1,29,,1071,50,,,1,70,,1060,50,,,1,30,,1072,50,,,1,70,,1061,50,,,1,30,,1073,50,,,1,70,,1062,50,,,1,30,,1074,50,,,1,70,,1063,50,,,1,30,,1075,50,,,1,93,,1076,50,,,1
10400,'Semaine-01',911,,58,50,,,1,30,,45,50,,,1,70,,59,50,,,1,30,,46,50,,,1,70,,60,50,,,1,30,,47,50,,,1,70,,61,50,,,1,30,,48,50,,,1,70,,62,50,,,1,30,,49,50,,,1,70,,63,50,,,1,30,,50,50,,,1,70,,51,50,,,1,425,,64,50,,,1,71,,40,50,,,1,29,,52,50,,,1,70,,41,50,,,1,30,,53,50,,,1,70,,42,50,,,1,30,,54,50,,,1,70,,43,50,,,1,30,,55,50,,,1,70,,44,50,,,1,30,,56,50,,,1,93,,57,50,,,1
10400,'Week-end-01',603,,65,50,,,1,130,,66,50,,,1,170,,67,50,,,1,130,,68,50,,,1,170,,69,50,,,1,130,,70,50,,,1,170,,71,50,,,1,130,,72,50,,,1,170,,73,50,,,1,130,,74,50,,,1,170,,75,50,,,1,130,,76,50,,,1,170,,77,50,,,1,130,,78,50,,,1
10600,'Fête-2-01',457,,1137,50,,,0,60,,1133,50,,,0,20,,1134,50,,,0,20,,1135,50,,,0,60,,1130,50,,,0,20,,1132,50,,,0,20,,1131,50,,,0,60,,1128,50,,,0,20,,1129,50,,,0,20,,1126,50,,,0,60,,1127,50,,,0,20,,1136,50,,,0
10600,'Semaine-01',457,,186,50,,,0,60,,182,50,,,0,20,,183,50,,,0,20,,184,50,,,0,60,,179,50,,,0,20,,181,50,,,0,20,,180,50,,,0,60,,177,50,,,0,20,,178,50,,,0,20,,175,50,,,0,60,,176,50,,,0,20,,185,50,,,0
10701,'Fête-1-01',533,,1174,40,,,0,125,,1162,40,,,0,170,,1163,40,,,0,130,,1164,40,,,0,170,,1165,40,,,0,130,,1166,40,,,0,170,,1167,40,,,0,130,,1168,40,,,0,170,,1169,40,,,0,130,,1170,40,,,0,170,,1171,40,,,0,130,,1172,40,,,0,170,,1173,40,,,0
10701,'Fête-2-01',930,,1188,40,,,0,100,,1189,40,,,0,100,,1190,40,,,0,100,,1191,40,,,0,100,,1185,40,,,0,100,,1186,40,,,0,105,,1197,40,,,0,20,,1175,40,,,0,60,,1176,40,,,0,20,,1177,40,,,0,20,,1178,40,,,0,60,,1179,40,,,0,20,,1180,40,,,0,20,,1181,40,,,0,60,,1182,40,,,0,20,,1183,40,,,0,20,,1184,40,,,0,82,,1192,40,,,0,93,,1193,40,,,0,100,,1194,40,,,0,100,,1195,40,,,0,100,,1196,40,,,0,100,,1187,40,,,0
10701,'Semaine-01',930,,284,40,,,0,100,,285,40,,,0,100,,286,40,,,0,100,,287,40,,,0,100,,281,40,,,0,100,,282,40,,,0,105,,293,40,,,0,20,,271,40,,,0,60,,272,40,,,0,20,,273,40,,,0,20,,274,40,,,0,60,,275,40,,,0,20,,276,40,,,0,20,,277,40,,,0,60,,278,40,,,0,20,,279,40,,,0,20,,280,40,,,0,82,,288,40,,,0,93,,289,40,,,0,100,,290,40,,,0,100,,291,40,,,0,100,,292,40,,,0,100,,283,40,,,0
10701,'Week-end-01',533,,306,40,,,0,125,,294,40,,,0,170,,295,40,,,0,130,,296,40,,,0,170,,297,40,,,0,130,,298,40,,,0,170,,299,40,,,0,130,,300,40,,,0,170,,301,40,,,0,130,,302,40,,,0,170,,303,40,,,0,130,,304,40,,,0,170,,305,40,,,0
10901,'Fête-2-01',603,,1218,50,,,0,30,,1219,50,,,0,70,,1220,50,,,0,25,,1221,50,,,0
10901,'Semaine-01',603,,351,50,,,0,30,,352,50,,,0,70,,353,50,,,0,25,,354,50,,,0
38300,'Fête-2-01',1244,,1254,50,,,0,200,,1253,50,,,0,101,,1255,50,,,0,158,,1256,50,,,0,98,,1257,50,,,0,53,,1258,50,,,0,84,,1252,50,,,0
38300,'Semaine-01',1244,,424,50,,,0,200,,423,50,,,0,101,,425,50,,,0,158,,426,50,,,0,98,,427,50,,,0,53,,428,50,,,0,84,,422,50,,,0
48800,'Semaine-01',1618,,907,60,,,0,11,,908,60,,,0,71,,909,60,,,0,18,,910,60,,,0,24,,911,60,,,0,58,,912,60,,,0,16,,913,60,,,0,22,,914,60,,,0
68001,'Fête-1-01',722,,1510,40,,,0,130,,1503,40,,,0,170,,1504,40,,,0,130,,1505,40,,,0,170,,1506,40,,,0,130,,1507,40,,,0,170,,1508,40,,,0,130,,1509,40,,,0
68001,'Week-end-01',722,,954,40,,,0,130,,947,40,,,0,170,,948,40,,,0,130,,949,40,,,0,170,,950,40,,,0,130,,951,40,,,0,170,,952,40,,,0,130,,953,40,,,0
68101,'Fête-2-01',601,,1542,140,,,0,47,,1540,140,,,0,83,,1543,140,,,0,71,,1529,40,,,0,29,,1544,140,,,0,79,,1532,140,,,0,100,,1533,40,,,0,100,,1534,40,,,0,106,,1535,40,,,0,96,,1536,40,,,0,106,,1530,40,,,0,93,,1531,40,,,0,115,,1546,40,,,0,90,,1547,140,,,0,95,,1539,40,,,0,106,,1541,40,,,0,109,,1545,40,,,0,87,,1538,40,,,0,103,,1537,40,,,0
68101,'Semaine-01',601,,1024,140,,,0,47,,1022,140,,,0,55,,1548,40,,,0,28,,1549,140,,,0,71,,1010,40,,,0,29,,1550,140,,,0,79,,1014,140,,,0,100,,1015,40,,,0,100,,1016,40,,,0,106,,1017,40,,,0,96,,1018,40,,,0,106,,1012,40,,,0,93,,1013,40,,,0,115,,1028,40,,,0,90,,1029,140,,,0,95,,1021,40,,,0,106,,1023,40,,,0,109,,1027,40,,,0,87,,1020,40,,,0,103,,1019,40,,,0
68500,'Fête-2-01',1336,,1553,140,,,0,323,,1551,140,,,0,190,,1552,140,,,0
68500,'Semaine-01',1336,,1035,140,,,0,323,,1033,140,,,0,190,,1034,140,,,0
