48300,'Fête-2-01',1645,,1470,10,,,0,110,,1469,10,,,0
48300,'Semaine-01',1643,,838,10,,,0,109,,837,10,,,0
48301,'Fête-2-01',701,,1471,190,4,,0,52,,1472,190,4,,0
48301,'Semaine-01',701,,841,190,4,,0,52,,842,190,4,,0
48400,'Fête-2-01',1638,,1473,10,,,0,104,,1474,10,,,0
48400,'Semaine-01',1638,,845,10,,,0,109,,846,10,,,0
48401,'Fête-2-01',636,,1475,210,4,,0,100,,1476,210,4,,0
48401,'Semaine-01',633,,849,210,4,,0,107,,850,210,4,,0
48600,'Fête-2-01',1600,,1477,10,,,0,59,,1478,10,,,0
48600,'Semaine-01',1600,,873,10,,,0,55,,874,10,,,0
48601,'Fête-2-01',718,,1479,330,4,,0,125,,1480,330,4,,0
48601,'Semaine-01',718,,877,330,4,,0,125,,878,330,4,,0
