10901,'Fête-2-01',607,,1218,120,,,0,30,,1219,120,,,0,70,,1220,120,,,0,25,,1221,120,,,0
10901,'Semaine-01',607,,351,120,,,0,30,,352,120,,,0,70,,353,120,,,0,25,,354,120,,,0
38300,'Fête-2-01',1249,,1254,120,,,0,200,,1253,120,,,0,101,,1255,120,,,0,158,,1256,120,,,0,98,,1257,120,,,0,53,,1258,120,,,0,84,,1252,120,,,0
38300,'Semaine-01',1249,,424,120,,,0,200,,423,120,,,0,101,,425,120,,,0,158,,426,120,,,0,98,,427,120,,,0,53,,428,120,,,0,84,,422,120,,,0
38301,'Fête-2-01',601,,1261,110,,,0,100,,1262,110,,,0,32,,1260,110,,,0,71,,1259,110,,,0,28,,1263,110,,,0,80,,1264,110,,,0,99,,1265,110,,,0
38301,'Semaine-01',601,,438,110,,,0,100,,439,110,,,0,32,,437,110,,,0,71,,436,110,,,0,28,,440,110,,,0,80,,441,110,,,0,99,,442,110,,,0
48401,'Fête-2-01',605,,1475,50,,,0,100,,1476,50,,,0
48401,'Semaine-01',602,,849,50,,,0,107,,850,50,,,0
68001,'Fête-1-01',726,,1510,110,,,0,130,,1503,110,,,0,170,,1504,110,,,0,130,,1505,110,,,0,170,,1506,110,,,0,130,,1507,110,,,0,170,,1508,110,,,0,130,,1509,110,,,0
68001,'Week-end-01',726,,954,110,,,0,130,,947,110,,,0,170,,948,110,,,0,130,,949,110,,,0,170,,950,110,,,0,130,,951,110,,,0,170,,952,110,,,0,130,,953,110,,,0
68101,'Fête-2-01',606,,1542,210,,,0,48,,1540,210,,,0,83,,1543,210,,,0,71,,1529,110,,,0,28,,1544,210,,,0,80,,1532,210,,,0,99,,1533,110,,,0,101,,1534,110,,,0,105,,1535,110,,,0,97,,1536,110,,,0,106,,1530,110,,,0,92,,1531,110,,,0,115,,1546,110,,,0,90,,1547,210,,,0,95,,1539,110,,,0,106,,1541,110,,,0,109,,1545,110,,,0,87,,1538,110,,,0,103,,1537,110,,,0
68101,'Semaine-01',606,,1024,210,,,0,48,,1022,210,,,0,55,,1548,110,,,0,28,,1549,210,,,0,71,,1010,110,,,0,28,,1550,210,,,0,80,,1014,210,,,0,99,,1015,110,,,0,101,,1016,110,,,0,105,,1017,110,,,0,97,,1018,110,,,0,106,,1012,110,,,0,92,,1013,110,,,0,115,,1028,110,,,0,90,,1029,210,,,0,95,,1021,110,,,0,106,,1023,110,,,0,109,,1027,110,,,0,87,,1020,110,,,0,103,,1019,110,,,0
68500,'Fête-2-01',1342,,1553,210,,,0,364,,1551,210,,,0,150,,1552,210,,,0
68500,'Semaine-01',1342,,1035,210,,,0,364,,1033,210,,,0,150,,1034,210,,,0
