10900,'Fête-2-01',1146,,1213,90,4,,0,200,,1214,90,4,,0,169,,1215,90,4,,0,135,,1216,90,4,,0,109,,1217,90,4,,0
10900,'Semaine-01',1146,,342,90,4,,0,200,,343,90,4,,0,169,,344,90,4,,0,135,,345,90,4,,0,109,,346,90,4,,0
38301,'Fête-2-01',607,,1261,140,,,0,100,,1262,140,,,0,32,,1260,140,,,0,71,,1259,140,,,0,28,,1263,140,,,0,80,,1264,140,,,0,99,,1265,140,,,0
38301,'Semaine-01',607,,438,140,,,0,100,,439,140,,,0,32,,437,140,,,0,71,,436,140,,,0,28,,440,140,,,0,80,,441,140,,,0,99,,442,140,,,0
68000,'Fête-1-01',847,,1495,160,,,0,166,,1496,160,,,0,136,,1497,160,,,0,167,,1498,160,,,0,130,,1499,160,,,0,170,,1500,160,,,0,128,,1501,160,,,0,167,,1502,160,,,0
68000,'Week-end-01',847,,931,160,,,0,166,,932,160,,,0,136,,933,160,,,0,167,,934,160,,,0,130,,935,160,,,0,170,,936,160,,,0,128,,937,160,,,0,167,,938,160,,,0
68100,'Fête-2-01',537,,1516,40,,,0,198,,1515,140,,,0,101,,1521,140,,,0,105,,1522,140,,,0,111,,1511,210,,,0,93,,1517,140,,,0,105,,1518,210,,,0,95,,1519,140,,,0,105,,1520,210,,,0,155,,1513,210,,,0,107,,1526,140,,,0,92,,1523,140,,,0,96,,1512,210,,,0,44,,1527,190,,,0,103,,1528,210,,,0,101,,1514,190,,,0,101,,1524,210,,,0,101,,1525,210,,,0
68100,'Semaine-01',537,,978,40,,,0,198,,977,140,,,0,101,,983,140,,,0,105,,984,140,,,0,111,,973,210,,,0,93,,979,140,,,0,105,,980,210,,,0,95,,981,140,,,0,105,,982,210,,,0,155,,975,210,,,0,107,,988,140,,,0,92,,985,140,,,0,96,,974,210,,,0,44,,989,190,,,0,103,,990,210,,,0,101,,976,190,,,0,101,,986,210,,,0,101,,987,210,,,0
68501,'Fête-2-01',657,,1555,40,,,0,100,,1556,40,,,0,248,,1557,40,,,0,203,,1554,40,,,0
68501,'Semaine-01',657,,1042,40,,,0,100,,1043,40,,,0,248,,1044,40,,,0,203,,1041,40,,,0
